id_1,id_2
0,10
0,23
0,25
0,42
0,50
1,12
1,26
1,48
1,49
1,64
1,305
2,5
2,22
2,33
2,54
2,56
2,385
2,473
2,483
3,10
3,32
3,36
3,52
3,58
3,62
4,21
4,27
4,36
4,47
4,57
4,63
5,43
5,50
5,54
5,56
6,17
6,19
6,20
6,42
6,49
6,65
7,9
7,14
7,27
7,57
7,60
8,40
8,55
8,61
8,427
8,496
9,14
9,24
9,27
9,382
9,412
9,470
10,18
10,23
10,25
10,52
10,58
11,12
11,45
11,59
11,64
11,1376
11,1402
11,1441
12,45
12,49
12,64
12,65
13,14
13,18
13,55
13,60
13,61
14,55
14,60
14,377
14,426
14,470
15,19
15,20
15,22
15,30
15,54
16,29
16,38
16,39
16,1435
17,19
17,26
17,49
18,25
18,58
18,60
18,61
19,20
19,26
19,30
19,334
19,354
20,42
20,50
20,54
21,39
21,47
21,51
21,63
21,66
22,30
22,33
22,34
22,54
23,42
23,45
23,52
23,65
24,27
24,35
24,47
24,382
24,396
24,501
25,43
25,50
25,61
26,49
26,305
26,334
26,345
27,47
27,57
28,37
28,46
28,53
28,62
28,63
29,39
29,46
29,66
29,1393
29,1435
30,34
30,318
30,320
30,354
31,32
31,45
31,53
31,59
31,62
32,45
32,52
32,62
33,34
33,385
33,404
34,320
34,404
34,480
35,44
35,47
35,396
35,2417
35,2449
36,57
36,58
36,62
36,63
37,46
37,53
37,1408
37,1412
38,39
38,41
38,1435
38,2419
38,2427
38,2441
38,2482
39,41
39,51
39,66
40,43
40,56
40,61
40,427
40,461
41,44
41,51
41,2419
41,2443
42,50
42,65
43,50
43,56
43,61
44,47
44,51
44,2417
44,2443
45,52
45,59
45,65
46,63
46,66
46,1393
46,1412
47,51
48,64
48,1384
48,1385
48,1394
49,65
50,54
53,59
53,62
53,1408
53,1416
55,61
55,377
55,429
55,496
56,381
56,461
56,483
57,58
57,60
58,60
59,1399
59,1402
59,1416
62,63
63,66
64,1385
64,1441
67,71
67,72
67,76
67,256
67,1760
67,1762
67,1776
67,1783
67,2759
68,71
68,72
68,77
68,79
68,1771
69,70
69,75
69,76
69,80
69,2753
69,2759
70,71
70,74
70,76
70,78
70,80
71,72
71,76
71,77
71,78
72,1760
72,1768
72,1771
73,74
73,75
73,80
73,81
73,169
73,189
73,192
74,77
74,78
74,80
74,81
75,80
75,192
75,1712
75,1719
75,2753
75,2767
76,2759
77,78
77,79
77,81
81,169
82,102
82,116
82,121
82,124
82,129
82,135
82,140
83,87
83,90
83,103
83,151
83,1110
83,1132
84,106
84,114
84,126
84,146
84,150
84,1523
85,89
85,125
85,153
85,1451
85,1506
85,2095
85,2115
86,89
86,126
86,132
86,146
86,1552
87,88
87,94
87,103
87,151
88,94
88,101
88,133
88,151
89,125
89,132
89,1451
89,1550
89,1552
90,102
90,103
90,1094
90,1110
90,1138
90,1370
90,1392
90,1440
91,101
91,111
91,130
91,131
91,133
91,136
92,109
92,142
92,1458
92,1481
92,1537
93,104
93,113
93,150
93,152
93,154
94,101
94,103
94,108
94,116
94,121
95,118
95,131
95,133
95,151
95,1090
95,1136
96,104
96,134
96,139
96,152
96,156
97,109
97,115
97,119
97,128
97,137
97,1481
98,105
98,125
98,147
98,153
98,2095
98,2162
99,100
99,120
99,128
99,137
99,143
99,1381
99,1436
99,2470
99,2475
100,115
100,137
100,143
100,155
101,108
101,111
101,133
102,103
102,121
102,135
102,1370
103,121
104,124
104,134
104,141
104,152
104,154
105,117
105,123
105,125
105,147
106,114
106,149
106,1492
106,1521
106,1523
107,111
107,130
107,134
107,144
107,156
108,111
108,116
108,141
108,144
109,119
109,142
109,1481
110,112
110,118
110,122
110,127
110,131
110,136
111,130
111,144
112,122
112,130
112,136
112,138
112,148
113,114
113,115
113,119
113,149
113,150
113,154
114,149
114,150
115,119
115,137
115,154
115,155
116,121
116,124
116,141
117,123
117,125
117,132
117,139
118,127
118,131
118,1084
118,1136
119,142
119,149
120,129
120,135
120,143
120,1436
122,127
122,148
122,2139
122,2505
123,139
123,145
123,147
123,156
124,140
124,141
124,154
125,132
125,153
126,146
126,1523
126,1552
127,1084
127,1085
127,2505
127,2520
128,137
128,1481
128,1524
128,2414
128,2440
128,2470
128,2475
129,135
129,140
129,143
129,155
130,136
130,138
130,145
130,156
131,133
131,136
132,139
132,146
133,151
134,141
134,144
134,156
135,1370
135,1378
135,1436
136,138
138,145
138,148
138,2134
138,2139
139,146
139,152
139,156
140,154
140,155
141,144
142,149
142,1521
142,1537
143,155
145,147
145,156
145,2134
146,150
146,152
147,2134
147,2162
148,2139
149,1521
150,152
151,1090
151,1110
151,1132
153,2095
154,155
157,163
157,194
157,195
157,197
157,199
157,206
158,159
158,161
158,165
158,182
158,211
158,1713
159,161
159,165
159,190
159,195
160,162
160,167
160,188
160,207
160,208
160,214
161,195
161,206
161,211
162,167
162,173
162,207
162,213
163,177
163,190
163,194
163,195
163,204
163,205
164,168
164,203
164,2179
164,2188
165,187
165,190
165,1713
166,170
166,172
166,176
166,180
166,182
166,183
166,191
166,210
167,173
167,179
167,208
168,179
168,203
168,209
169,189
169,193
170,171
170,182
170,192
170,210
170,1712
170,1715
170,1722
171,172
171,175
171,192
171,196
171,198
171,210
171,212
172,183
172,196
172,210
173,179
173,184
173,205
173,213
174,181
174,188
174,201
174,202
174,1725
175,186
175,192
175,212
176,178
176,180
176,182
176,211
177,194
177,204
177,205
178,180
178,206
178,211
179,205
179,208
179,209
180,191
180,199
180,206
181,201
181,203
181,1725
181,2189
181,2190
182,211
182,1713
182,1715
182,1720
182,1721
183,191
183,196
183,200
184,204
184,205
184,213
185,187
185,202
185,214
185,1725
186,189
186,192
186,193
187,190
187,207
187,214
187,1713
187,1725
187,1727
188,201
188,202
188,208
188,214
189,192
189,193
190,195
190,204
190,207
190,213
191,199
191,200
192,1712
194,197
195,206
196,198
197,199
197,200
198,212
199,200
199,206
201,203
201,208
201,209
202,214
202,1725
203,209
203,2186
203,2188
203,2189
204,205
204,213
206,211
207,213
207,214
208,209
215,217
215,230
215,244
215,258
215,275
215,276
216,225
216,226
216,242
216,267
216,269
217,230
217,232
217,234
217,244
217,251
217,275
218,225
218,241
218,248
218,254
218,267
218,1780
218,1783
219,220
219,250
219,264
219,916
219,945
219,1790
219,2107
220,245
220,250
220,259
220,264
221,238
221,239
221,244
221,249
221,276
222,236
222,240
222,247
222,261
222,263
222,269
223,245
223,246
223,251
223,887
223,951
224,238
224,239
224,244
224,261
224,273
225,226
225,267
225,1780
225,1788
226,242
226,250
226,1763
226,1788
227,235
227,245
227,251
227,259
227,265
228,236
228,242
228,265
228,269
229,240
229,253
229,257
230,244
231,248
231,256
231,270
231,271
231,2759
232,234
232,235
232,244
232,274
233,237
233,239
233,247
233,263
233,268
233,273
234,235
234,251
235,236
235,251
235,265
235,274
236,261
236,265
236,269
236,274
237,253
237,263
237,266
237,268
237,2750
237,2764
238,239
238,244
239,243
239,249
239,268
239,273
240,241
240,253
240,257
240,260
240,263
240,269
241,248
241,254
241,260
241,269
241,270
242,250
242,265
242,269
243,249
243,268
243,3084
243,3087
244,261
244,274
245,251
245,259
245,264
245,887
246,251
246,275
246,277
246,863
246,942
246,951
247,261
247,263
247,273
248,256
248,270
248,1783
249,276
249,3084
249,3094
250,259
250,265
250,1763
250,1790
251,265
251,275
252,258
252,262
252,272
252,275
252,276
252,277
252,1634
252,1670
253,257
253,263
253,2750
253,2759
254,267
254,269
255,266
255,268
255,2745
255,2764
255,3087
255,3102
256,270
256,1783
256,2759
257,260
257,271
257,2750
257,2759
258,275
258,276
259,265
260,270
260,271
261,273
261,274
262,272
262,277
262,1632
262,1685
264,887
264,889
264,945
266,268
266,2764
267,269
268,3087
270,271
271,2759
272,1634
272,1642
272,1685
275,277
276,1670
276,3094
277,863
277,1632
277,1646
278,280
278,282
278,1805
278,1821
278,1831
278,1843
278,1851
279,280
279,281
279,282
279,283
279,284
279,1187
280,282
280,1182
280,1187
280,1805
281,282
281,283
281,1843
282,1843
283,284
283,285
283,1843
283,2276
283,2279
284,285
284,1187
284,1194
285,1194
285,2276
285,2278
286,287
286,288
286,1161
286,1170
286,1173
286,1742
286,1743
286,1754
287,1163
287,1170
287,1745
287,1754
287,2222
287,2230
288,1161
288,1165
288,1178
288,1179
288,1742
289,1171
289,1172
289,2790
289,2812
289,2879
290,293
290,301
290,309
290,326
290,330
290,342
290,351
291,293
291,299
291,301
291,304
291,333
291,351
291,379
291,387
291,503
292,296
292,311
292,320
292,354
292,355
293,299
293,342
293,351
294,319
294,336
294,337
294,347
294,352
295,300
295,314
295,338
296,308
296,311
296,320
296,327
297,302
297,310
297,314
297,316
297,324
297,346
298,315
298,326
298,330
298,348
299,304
299,342
299,343
300,314
300,324
300,332
301,309
301,312
301,349
301,351
301,387
301,405
302,310
302,313
302,316
302,329
302,346
303,309
303,322
303,326
303,350
304,333
304,343
305,345
306,342
306,343
306,352
307,311
307,327
307,353
308,320
308,325
308,327
308,398
308,420
308,480
309,322
309,326
309,349
310,314
310,316
310,324
310,331
310,335
310,338
311,327
312,328
312,349
312,369
312,405
312,447
313,316
313,317
313,329
313,341
314,324
314,331
314,335
314,338
315,339
315,348
316,335
316,337
316,341
317,329
317,339
317,340
317,341
318,320
318,354
318,355
319,335
319,337
319,344
320,327
320,355
320,480
321,325
321,328
321,350
321,353
321,369
321,491
322,328
322,349
322,350
323,330
323,336
323,337
323,341
323,347
323,348
323,352
325,327
325,353
325,420
325,491
326,330
327,353
328,349
328,350
328,369
328,447
329,341
329,346
330,342
330,348
330,352
331,335
331,338
331,344
333,375
333,379
334,345
334,354
335,337
335,338
335,341
335,344
336,337
336,341
336,347
336,352
337,341
339,340
339,341
339,348
341,348
342,343
342,352
347,352
354,355
356,358
356,435
356,468
356,487
356,493
356,506
357,365
357,387
357,389
357,441
357,503
358,389
358,435
358,468
358,503
359,374
359,398
359,402
359,404
359,455
359,456
360,425
360,439
360,472
360,505
360,513
361,414
361,423
361,424
361,433
361,452
361,482
362,384
362,422
362,424
362,433
362,463
362,502
363,383
363,388
363,412
363,419
363,465
363,467
363,470
364,389
364,432
364,489
364,497
364,511
365,389
365,392
365,432
365,441
365,447
365,492
366,394
366,431
366,439
366,457
366,498
367,400
367,431
367,442
367,471
367,498
367,513
368,375
368,379
368,418
368,468
368,503
368,506
369,390
369,392
369,447
369,491
370,371
370,380
370,406
370,409
370,444
371,376
371,406
371,408
371,409
371,437
371,479
372,408
372,436
372,437
372,476
372,479
372,2281
372,2282
372,2285
373,430
373,434
373,440
373,457
373,462
373,481
374,385
374,402
374,404
374,475
374,490
375,379
375,418
376,408
376,409
376,487
376,493
377,393
377,403
377,415
377,426
377,429
377,465
378,501
378,510
378,2424
379,503
380,406
380,444
380,2306
381,453
381,461
381,483
381,485
382,412
382,501
383,388
383,397
383,413
383,415
383,419
383,467
384,433
384,452
384,463
384,464
385,404
385,473
385,475
386,399
386,411
386,415
386,430
386,481
387,405
387,441
387,503
388,403
388,415
388,465
389,432
389,435
389,489
389,503
390,392
390,456
390,491
390,492
390,514
391,445
391,449
391,476
391,2298
391,2312
392,447
392,492
393,411
393,415
393,429
393,454
393,481
393,496
394,431
394,451
394,457
394,466
394,488
394,500
395,401
395,443
395,484
395,497
395,511
395,514
396,501
396,2424
396,2449
397,410
397,413
397,416
397,424
397,448
397,467
398,420
398,455
398,456
398,480
399,415
399,422
399,430
399,477
400,442
400,471
400,489
400,508
400,511
401,431
401,451
401,471
401,484
401,511
402,443
402,456
402,490
402,514
403,415
403,465
404,455
404,480
405,441
405,447
406,479
406,2304
406,2306
407,428
407,445
407,452
407,464
407,512
407,2280
407,2283
407,2312
408,436
408,437
408,438
408,442
408,487
408,493
408,495
409,444
409,487
410,416
410,448
410,460
410,499
410,1873
410,2461
411,415
411,481
412,419
412,470
412,501
413,415
413,422
413,424
414,428
414,452
414,482
414,2316
415,422
416,419
416,460
416,467
417,425
417,436
417,504
417,505
418,450
418,506
419,460
419,467
419,501
419,510
420,456
420,491
421,425
421,459
421,463
421,464
421,472
421,486
422,424
422,433
422,477
422,502
423,424
423,474
423,482
423,494
423,509
423,2316
424,433
424,448
424,509
425,472
425,486
425,504
425,505
426,465
426,470
427,454
427,461
427,485
427,496
428,452
428,2283
428,2316
429,496
430,462
430,477
430,481
431,451
431,466
431,471
431,498
432,492
432,497
433,452
433,463
434,439
434,457
434,459
434,462
434,472
435,458
435,489
435,493
435,508
436,438
436,449
436,476
436,504
436,505
437,479
438,442
438,495
438,505
438,513
439,457
439,472
439,498
439,513
440,457
440,469
440,481
440,500
441,447
442,495
442,498
442,508
442,513
443,484
443,490
443,514
444,446
444,450
444,487
445,449
445,512
445,2312
446,450
446,487
446,506
448,499
448,509
449,476
449,504
449,512
450,506
451,466
451,478
451,484
451,488
452,464
453,478
453,483
453,484
453,485
453,488
453,507
454,469
454,481
454,485
454,496
454,500
455,480
456,491
456,514
457,500
458,493
458,495
458,508
459,462
459,463
459,472
459,502
460,510
460,2397
460,2461
461,485
462,477
462,502
463,464
463,502
464,486
464,512
465,470
466,488
468,503
468,506
469,481
469,500
471,511
473,475
473,483
474,494
474,1875
474,1903
474,1910
474,2316
475,483
475,490
475,507
476,2281
476,2298
477,502
478,484
478,488
479,2282
479,2304
482,2316
483,507
484,490
484,507
485,488
485,500
486,504
486,512
487,493
487,506
488,500
489,508
489,511
490,507
492,497
492,514
493,495
494,499
494,509
494,1875
495,508
497,511
497,514
498,513
499,509
499,1873
499,1875
501,510
501,2424
504,512
505,513
510,2397
510,2424
515,522
515,528
515,534
515,537
515,551
516,537
516,539
516,557
516,558
516,2172
516,2203
517,520
517,529
517,535
517,550
517,553
518,529
518,535
518,2743
518,2757
518,3095
519,542
519,543
519,554
519,2949
519,2955
520,521
520,524
520,526
520,529
520,540
520,553
521,526
521,527
521,530
521,533
521,534
521,546
521,548
521,553
522,533
522,534
522,537
522,557
523,525
523,542
523,554
523,1588
523,1606
523,2943
523,2949
524,529
524,540
524,547
524,555
524,3095
524,3103
525,1588
525,2943
526,531
526,533
526,540
526,544
527,534
527,538
527,546
528,537
528,551
528,552
528,2194
529,535
529,3095
530,541
530,548
530,550
530,553
530,556
530,1714
530,2742
531,536
531,540
531,544
531,1562
532,539
532,543
532,545
532,549
532,554
532,1592
532,1593
533,534
533,544
533,557
534,538
534,551
534,556
535,550
535,2743
535,2757
536,540
536,547
536,555
536,1562
536,1577
536,1590
536,3103
537,552
537,557
537,558
538,541
538,546
538,556
539,544
539,545
539,549
539,557
539,1593
539,1602
539,2203
540,547
541,546
541,548
541,556
542,554
542,2949
543,549
543,554
543,2955
544,557
544,1562
544,1602
545,549
546,548
547,555
549,2203
549,2919
549,2955
550,553
550,2742
550,2743
551,556
551,1714
551,1717
551,2194
552,558
552,2194
554,1592
554,1606
555,3103
556,1714
558,2172
558,2194
559,563
559,592
559,633
559,643
559,1502
559,1510
560,635
560,649
560,960
560,1462
560,1513
560,1546
561,572
561,584
561,618
561,626
562,577
562,614
562,629
562,659
562,3065
562,3076
563,567
563,627
563,633
563,643
564,595
564,608
564,610
564,620
564,636
564,646
564,656
565,589
565,600
565,633
565,1503
565,1528
565,1538
566,601
566,629
566,647
566,656
566,775
566,801
567,621
567,623
567,627
567,642
567,643
568,579
568,581
568,585
568,615
568,632
568,650
569,616
569,626
569,642
569,645
570,573
570,575
570,576
570,581
570,598
570,737
570,744
571,583
571,584
571,598
571,619
571,638
571,654
572,584
572,618
572,619
572,640
572,653
573,576
573,579
573,581
573,628
573,645
574,580
574,603
574,607
574,614
574,657
574,705
574,724
574,1205
575,598
575,609
575,638
575,702
575,737
576,583
576,598
576,645
577,603
577,605
577,608
577,610
577,614
577,629
577,659
578,612
578,615
578,616
578,632
579,581
579,628
579,632
579,650
580,603
580,605
580,657
581,650
581,743
581,744
582,638
582,651
582,654
582,655
583,584
583,598
583,645
584,619
584,626
584,645
585,596
585,604
585,611
585,615
585,650
586,591
586,597
586,599
586,631
586,641
586,658
587,606
587,613
587,621
587,630
587,643
587,648
587,652
588,591
588,593
588,641
588,655
588,725
588,1069
589,600
589,617
589,627
589,633
589,644
590,604
590,605
590,608
590,611
590,657
591,599
591,641
591,654
591,655
592,594
592,613
592,643
592,808
592,1469
592,1502
593,634
593,641
593,984
593,1026
593,1069
594,613
594,624
594,652
594,781
594,808
595,606
595,624
595,639
595,646
595,656
596,604
596,650
596,664
596,716
597,631
597,637
597,649
597,658
597,1525
598,638
599,619
599,631
599,653
599,654
600,617
600,618
600,1538
601,647
601,783
601,801
601,3033
601,3044
602,622
602,634
602,635
602,641
602,649
602,658
603,605
603,614
604,611
604,657
604,705
604,716
605,608
605,657
606,624
606,630
606,646
606,652
607,614
607,1197
607,1205
607,1274
607,3041
608,610
608,611
608,620
608,636
608,660
609,638
609,651
609,702
610,629
610,656
611,615
611,660
612,615
612,616
612,621
612,623
612,642
612,648
613,643
613,652
614,3041
614,3076
615,632
615,648
615,660
616,628
616,632
616,642
616,645
617,618
617,626
617,627
617,642
618,626
618,640
618,1538
618,1542
618,1561
619,653
619,654
620,630
620,636
620,646
620,660
621,623
621,643
621,648
622,634
622,635
622,1026
622,1029
623,642
624,639
624,652
624,781
624,810
625,637
625,640
625,1496
625,1540
625,1542
626,642
626,645
627,633
627,642
627,644
628,632
628,645
629,647
629,656
629,659
630,646
630,648
630,660
631,637
631,653
633,644
633,1510
633,1528
633,1533
634,641
634,658
634,1026
635,649
635,960
635,1029
637,640
637,653
637,1525
637,1540
638,651
638,654
639,656
639,775
639,810
639,822
639,834
640,653
640,1542
640,1561
641,658
647,659
647,3034
647,3044
648,660
649,658
649,1462
649,1525
650,664
650,743
650,746
651,655
651,686
651,702
654,655
655,686
655,725
656,775
657,705
659,3034
659,3065
661,662
661,698
661,750
661,2060
661,2087
662,677
662,695
662,717
662,750
662,752
662,2026
662,2069
662,2087
663,667
663,676
663,696
663,700
663,701
663,733
664,697
664,716
664,739
664,746
664,751
665,678
665,687
665,698
665,750
666,672
666,689
666,692
666,709
666,714
667,696
667,701
667,713
667,715
668,669
668,672
668,694
668,739
668,751
669,685
669,694
669,712
669,726
669,751
670,682
670,699
670,732
670,748
670,1012
670,1049
670,1068
671,688
671,720
671,721
671,727
671,737
671,744
672,689
672,694
672,714
672,739
672,740
673,679
673,691
673,719
673,722
673,748
673,1038
674,679
674,688
674,702
674,711
674,723
675,684
675,718
675,729
675,964
675,2015
675,2037
676,684
676,700
676,729
676,730
676,733
677,704
677,717
677,736
677,2026
677,2092
678,687
678,693
678,698
678,708
678,728
679,711
679,719
679,722
679,723
679,734
679,747
680,703
680,704
680,710
680,717
680,731
680,1208
680,1269
681,684
681,693
681,730
681,741
681,749
682,691
682,748
682,1012
683,714
683,721
683,739
683,743
683,746
684,729
684,730
684,741
684,2015
684,2037
685,703
685,710
685,712
685,726
685,735
685,745
686,702
686,723
686,725
686,742
686,747
687,694
687,695
687,708
687,712
687,740
687,745
687,750
688,702
688,707
688,711
688,713
688,720
688,737
689,690
689,708
689,709
689,740
690,693
690,708
690,709
690,730
690,733
691,748
691,1003
691,1012
691,1038
692,709
692,714
692,715
692,727
693,708
693,728
693,730
693,749
694,712
694,740
695,745
695,750
695,752
696,700
696,707
696,713
696,732
696,748
697,705
697,706
697,716
697,724
697,726
697,735
697,751
698,728
698,750
698,2025
698,2060
699,700
699,729
699,732
699,738
699,977
699,1068
700,729
700,732
701,709
701,715
701,733
702,723
702,737
703,710
703,717
703,745
703,752
704,717
704,736
704,1206
704,1269
705,716
705,724
706,724
706,731
706,735
706,1205
707,711
707,713
707,719
707,748
708,740
709,715
709,733
710,726
710,731
710,735
711,719
712,745
713,715
713,720
714,721
714,727
714,739
715,720
715,727
717,736
717,752
718,729
718,738
718,964
719,748
720,727
721,727
721,743
721,744
722,734
722,970
722,1002
722,1038
723,747
724,735
724,1205
725,742
725,1007
725,1069
726,735
726,751
728,749
728,2025
729,738
730,733
731,735
731,1205
731,1208
732,748
734,747
734,986
734,1002
736,1206
736,1224
736,2092
737,744
738,964
738,977
738,995
739,746
739,751
741,749
741,2015
741,2074
742,747
742,1007
743,744
743,746
745,752
747,986
747,1007
749,2025
749,2074
753,754
753,757
753,767
753,777
753,791
753,813
753,840
754,767
754,821
754,825
754,832
754,839
754,840
755,774
755,785
755,848
755,1305
755,3023
755,3074
756,778
756,811
756,820
756,842
756,845
756,1532
756,1544
757,766
757,767
757,776
757,791
757,835
758,759
758,762
758,800
758,804
758,809
758,831
758,838
759,761
759,762
759,764
759,785
759,790
759,838
760,777
760,789
760,792
760,829
760,837
760,846
761,762
761,764
761,771
761,785
761,786
762,774
762,780
762,785
762,809
763,765
763,770
763,773
763,799
763,823
763,826
763,828
763,833
764,769
764,771
764,786
764,787
764,790
764,794
765,766
765,789
765,828
765,833
765,846
766,776
766,789
766,791
766,833
766,835
767,791
767,821
767,830
767,835
768,775
768,804
768,805
768,809
768,822
768,834
769,786
769,787
769,793
769,818
769,847
769,850
769,851
770,773
770,799
770,823
770,827
770,833
770,836
770,849
771,785
771,786
771,797
771,818
771,848
772,779
772,811
772,813
772,832
772,840
772,843
772,845
773,782
773,784
773,823
773,824
773,826
773,828
774,780
774,783
774,785
774,848
774,3023
774,3033
775,801
775,805
775,834
776,795
776,799
776,819
776,833
776,835
776,849
777,789
777,791
777,813
777,829
777,843
778,803
778,820
778,841
778,842
778,1544
778,1545
779,811
779,832
779,840
779,845
779,1487
779,1511
780,783
780,785
780,805
780,809
781,796
781,808
781,810
782,784
782,823
782,824
782,826
782,1309
783,801
783,805
783,3033
784,807
784,826
784,1309
784,1323
785,848
786,787
786,797
786,818
787,790
787,792
787,793
787,794
787,851
788,817
788,821
788,825
788,1449
788,1630
788,1683
789,791
789,846
790,794
790,816
790,838
791,813
792,794
792,837
792,846
792,851
793,798
793,807
793,847
793,850
793,851
794,816
794,837
794,851
795,819
795,830
795,835
795,1628
795,1706
796,803
796,808
796,810
796,841
796,844
797,818
797,848
797,1300
797,1327
798,807
798,826
798,828
798,846
798,851
799,819
799,833
799,849
800,804
800,806
800,809
800,831
800,838
800,844
801,805
802,814
802,815
802,816
802,829
802,831
802,837
802,838
803,806
803,841
803,842
803,844
804,809
804,810
804,822
804,844
805,809
806,814
806,831
806,842
806,844
807,826
807,828
807,847
807,851
807,1299
807,1323
808,841
808,1469
810,822
810,844
811,815
811,820
811,843
811,845
812,823
812,824
812,836
812,1330
812,1344
812,2366
812,2374
813,829
813,840
813,843
814,815
814,820
814,831
814,842
815,820
815,829
815,843
816,831
816,837
816,838
817,821
817,825
817,830
817,1630
817,1694
818,850
818,1327
819,849
819,1628
819,1704
820,842
820,845
821,825
821,830
821,839
822,834
823,824
823,827
823,836
824,836
824,1309
824,1330
825,839
825,1449
825,1520
826,828
827,836
827,849
827,2388
828,833
828,846
829,837
829,843
830,835
830,1645
830,1694
830,1706
831,838
832,839
832,840
832,1487
832,1559
836,2366
836,2388
839,840
839,1520
839,1559
841,842
841,1469
841,1545
845,1511
845,1532
846,851
847,850
847,1299
847,1301
848,1300
848,1305
849,1639
849,1704
849,2388
850,1301
850,1327
852,853
852,857
852,867
852,905
852,918
852,954
852,955
853,857
853,867
853,881
853,905
853,912
853,955
854,858
854,873
854,894
854,895
854,903
854,1457
854,1529
855,868
855,890
855,899
855,900
855,927
855,2096
855,2170
856,878
856,924
856,931
856,934
856,935
856,944
857,870
857,905
857,918
857,1554
858,873
858,894
858,917
858,1691
859,860
859,869
859,876
859,888
859,891
859,909
859,938
859,947
860,888
860,907
860,909
860,915
861,869
861,876
861,914
861,2151
861,2168
862,870
862,901
862,1495
862,1519
862,2112
862,2152
863,928
863,942
863,1646
864,868
864,880
864,900
864,911
864,2098
864,2124
865,866
865,872
865,882
865,923
865,932
865,952
866,896
866,913
866,923
866,930
866,952
867,881
867,888
867,907
867,921
867,955
868,900
868,2124
868,2170
869,876
869,938
869,947
869,2130
869,2151
870,901
870,918
870,1452
870,1495
870,1554
871,920
871,928
871,941
871,948
871,1650
871,1690
872,882
872,908
872,909
872,915
872,923
872,936
873,1448
873,1457
873,1490
873,1691
874,881
874,895
874,897
874,903
874,912
874,921
874,940
875,880
875,893
875,900
875,924
875,927
875,944
876,888
876,914
876,954
877,919
877,922
877,933
877,934
877,935
877,949
878,904
878,908
878,931
878,935
878,936
879,885
879,886
879,892
879,893
879,898
879,902
879,919
879,937
880,886
880,893
880,900
880,911
881,897
881,905
881,912
881,921
882,915
882,932
882,950
883,884
883,902
883,906
883,919
883,937
883,941
883,948
883,949
884,920
884,925
884,933
884,941
884,949
885,889
885,892
885,898
885,945
885,946
886,892
886,893
886,911
887,889
887,951
887,953
888,907
888,954
888,955
889,898
889,945
889,953
890,899
890,947
890,2096
890,2121
891,908
891,909
891,929
891,938
892,898
892,911
892,939
892,946
893,919
893,924
894,895
894,917
894,926
894,940
895,903
895,940
896,913
896,922
896,930
896,943
896,1682
896,1708
897,903
897,912
897,956
897,1465
897,1494
898,937
898,945
898,953
899,927
899,929
899,938
899,947
900,927
901,914
901,918
901,2112
901,2147
902,919
902,937
903,956
903,1529
904,913
904,922
904,923
904,935
904,936
905,912
905,1453
905,1554
906,937
906,942
906,948
906,951
906,953
907,915
907,921
907,950
908,909
908,929
908,931
908,936
909,915
909,936
910,917
910,926
910,932
910,952
910,1651
910,1684
911,939
911,2098
912,1453
912,1465
913,922
913,923
914,918
914,954
914,2147
914,2168
915,950
916,945
916,946
916,2107
916,2164
917,926
917,1684
917,1691
918,954
918,955
919,924
919,934
919,949
920,925
920,941
920,1650
920,1659
921,940
921,950
922,933
922,935
922,943
923,936
924,934
924,944
925,933
925,943
925,1648
925,1659
926,932
926,940
926,950
927,929
927,944
928,942
928,948
928,1646
928,1661
928,1690
929,931
929,938
929,944
930,952
930,1665
930,1682
930,1702
931,944
932,950
932,952
933,943
933,949
934,935
937,953
938,947
939,946
939,2098
939,2164
940,950
941,948
942,948
942,951
943,1648
943,1708
945,946
946,2164
947,2121
947,2130
951,953
952,1651
952,1665
952,1702
954,955
956,1470
956,1494
956,1529
957,979
957,985
957,1000
957,1041
957,1060
957,1065
958,961
958,1042
958,1063
958,1070
958,2447
958,2474
959,993
959,1040
959,1046
959,1062
959,1064
959,1071
959,1076
960,976
960,1029
960,1513
961,987
961,1006
961,1041
961,1042
961,1070
962,965
962,991
962,1039
962,1043
962,1047
962,1059
963,982
963,1004
963,1017
963,1022
963,1074
963,2404
963,2835
964,995
964,997
964,1015
964,2037
965,981
965,990
965,1005
965,1043
965,1047
965,1061
966,978
966,1001
966,1020
966,2050
966,3006
967,979
967,996
967,1025
967,1034
967,1040
967,1071
968,1005
968,1037
968,1052
968,1057
968,2014
968,2019
969,1016
969,1021
969,1033
969,1051
969,1053
969,1075
970,999
970,1002
970,1003
970,1038
970,1048
971,1003
971,1012
971,1046
971,1064
972,987
972,999
972,1027
972,1045
972,1048
972,1070
973,980
973,984
973,1010
973,1028
973,1067
973,1073
974,998
974,1035
974,1067
974,2431
974,2472
975,1015
975,1052
975,2019
975,2037
976,998
976,1009
976,1029
976,1513
977,995
977,1008
977,1050
977,1068
978,988
978,1001
978,1020
978,1024
978,1059
979,1025
979,1034
979,1056
979,1060
979,1065
980,1010
980,1045
980,1066
980,1067
980,2454
980,2472
981,989
981,990
981,1032
981,1043
981,1055
982,1011
982,1017
982,1019
982,1022
982,1051
982,1053
983,985
983,1060
983,1072
983,2405
983,2460
984,1026
984,1028
984,1069
984,1073
985,1041
985,1042
985,1060
985,2405
986,1002
986,1007
986,1031
986,1048
987,999
987,1006
987,1070
988,1020
988,1044
988,1059
989,1011
989,1021
989,1032
989,1055
990,1013
990,1032
990,1061
990,1076
991,1024
991,1037
991,1047
991,1057
991,1059
992,1014
992,1016
992,1033
992,1036
992,1054
993,1008
993,1050
993,1061
993,1062
993,1076
994,1009
994,1513
994,1518
994,2439
994,2457
995,997
995,1050
996,1013
996,1025
996,1032
996,1040
996,1058
997,1005
997,1015
997,1050
997,1052
997,1061
998,1009
998,1029
998,1035
998,2431
998,2483
999,1003
999,1006
999,1048
1000,1006
1000,1018
1000,1041
1000,1065
1001,1024
1001,2050
1001,2079
1002,1048
1003,1006
1003,1012
1003,1018
1003,1038
1003,1046
1004,1022
1004,1023
1004,1053
1004,2835
1004,2876
1005,1047
1005,1052
1005,1057
1005,1061
1006,1018
1006,1041
1007,1031
1007,1069
1007,1073
1008,1049
1008,1050
1008,1062
1008,1068
1009,1513
1009,2457
1009,2483
1010,1031
1010,1045
1010,1073
1011,1019
1011,1021
1011,1032
1011,1051
1011,1058
1012,1049
1012,1062
1012,1064
1013,1032
1013,1040
1013,1076
1014,1020
1014,1033
1014,1036
1014,1044
1015,1052
1015,2037
1016,1023
1016,1033
1016,1053
1016,1054
1017,1019
1017,1074
1018,1034
1018,1046
1018,1065
1019,1030
1019,1056
1019,1058
1019,1074
1020,1036
1020,1044
1020,3006
1021,1051
1021,1055
1021,1075
1022,1053
1023,1053
1023,1054
1023,2876
1024,1037
1024,1059
1024,2007
1024,2079
1025,1056
1025,1058
1026,1028
1026,1029
1026,1035
1027,1045
1027,1063
1027,1066
1027,1070
1027,2465
1028,1035
1028,1067
1029,1035
1030,1056
1030,1072
1030,1074
1030,2398
1030,2467
1031,1045
1031,1048
1031,1073
1032,1058
1033,1044
1033,1075
1034,1046
1034,1065
1034,1071
1035,1067
1036,1054
1036,2986
1036,3006
1037,1057
1037,2007
1037,2014
1039,1043
1039,1044
1039,1055
1039,1059
1039,1075
1040,1071
1040,1076
1041,1042
1042,2405
1042,2447
1043,1047
1043,1055
1044,1059
1044,1075
1045,1048
1045,1066
1046,1064
1046,1071
1047,1057
1049,1062
1049,1068
1050,1061
1051,1053
1052,2019
1054,2797
1054,2809
1054,2876
1054,2986
1055,1075
1056,1058
1056,1060
1056,1072
1060,1072
1061,1076
1062,1064
1063,1070
1063,2465
1063,2474
1066,2454
1066,2465
1067,2472
1069,1073
1072,2460
1072,2467
1074,2398
1074,2404
1077,1096
1077,1103
1077,1104
1077,1125
1077,1133
1078,1082
1078,1096
1078,1103
1078,1116
1078,1134
1079,1080
1079,1093
1079,1100
1079,1108
1079,1123
1079,1124
1080,1099
1080,1100
1080,1105
1080,1123
1080,1126
1080,1127
1080,1131
1081,1089
1081,1091
1081,1096
1081,1106
1081,1115
1081,1116
1081,1125
1081,1139
1082,1086
1082,1103
1082,1134
1082,2662
1083,1084
1083,1090
1083,1101
1083,1107
1083,1111
1083,1117
1083,1136
1083,1140
1084,1085
1084,1117
1084,1136
1085,1092
1085,1117
1085,2520
1085,2588
1085,2644
1085,2669
1086,1088
1086,1103
1086,2662
1086,2667
1087,1089
1087,1097
1087,1101
1087,1106
1087,1113
1087,1118
1087,1140
1088,1103
1088,1133
1088,2609
1088,2667
1089,1091
1089,1097
1089,1106
1089,1130
1090,1107
1090,1132
1090,1136
1091,1115
1091,1130
1091,1139
1091,1365
1091,1443
1092,1111
1092,1117
1092,1119
1092,2669
1092,2696
1093,1095
1093,1100
1093,1108
1093,1122
1093,1137
1094,1109
1094,1118
1094,1138
1094,1392
1094,1439
1095,1122
1095,1137
1095,1139
1095,1367
1095,1443
1096,1103
1096,1116
1096,1125
1097,1109
1097,1118
1097,1130
1098,1106
1098,1111
1098,1116
1098,1140
1099,1100
1099,1104
1099,1126
1099,1127
1099,1133
1100,1115
1100,1126
1100,1137
1101,1107
1101,1113
1101,1140
1102,1105
1102,1112
1102,1114
1102,1121
1102,1124
1102,1128
1102,1129
1103,1133
1104,1125
1104,1126
1104,1133
1105,1121
1105,1123
1105,1124
1105,1131
1106,1116
1106,1140
1107,1113
1107,1132
1108,1122
1108,1124
1108,1129
1109,1118
1109,1130
1109,1439
1110,1113
1110,1118
1110,1132
1110,1138
1111,1116
1111,1117
1111,1119
1111,1134
1111,1140
1112,1114
1112,1120
1112,1128
1113,1118
1113,1132
1114,1120
1115,1125
1115,1126
1115,1137
1115,1139
1116,1134
1118,1138
1119,1134
1119,2662
1119,2688
1119,2696
1120,1128
1120,1387
1120,1388
1121,1124
1121,1129
1122,1129
1122,1367
1123,1124
1124,1129
1125,1126
1126,1127
1127,1131
1128,1129
1128,1135
1128,1387
1128,1419
1129,1135
1129,1367
1129,1421
1130,1365
1130,1375
1130,1396
1130,1439
1134,2662
1135,1410
1135,1419
1135,1421
1135,1438
1137,1139
1139,1443
1141,1143
1141,1144
1141,1146
1141,1149
1141,1152
1142,1150
1142,1151
1142,1153
1142,1155
1143,1149
1143,1152
1143,1156
1144,1146
1144,1149
1144,1153
1145,1147
1145,1150
1145,1154
1145,1155
1146,1148
1146,1152
1146,1153
1146,1154
1147,1148
1147,1154
1148,1152
1148,1154
1149,1156
1149,1729
1149,1731
1150,1151
1150,1153
1150,1154
1150,1155
1151,1153
1153,1154
1156,1729
1156,1735
1156,1736
1157,1167
1157,1177
1157,2212
1157,2236
1157,2263
1157,2970
1157,2985
1157,2989
1158,1159
1158,1160
1158,1169
1158,1170
1158,1172
1158,1173
1158,1176
1158,1180
1159,1162
1159,1168
1159,1169
1159,1170
1159,1180
1159,2274
1160,1164
1160,1165
1160,1172
1160,1174
1160,1176
1161,1165
1161,1173
1161,1176
1162,1166
1162,1169
1162,2208
1162,2274
1163,1168
1163,1170
1163,2222
1163,2243
1164,1172
1164,1174
1164,2812
1164,2832
1164,2856
1164,2869
1164,2875
1165,1174
1165,1175
1165,1176
1165,1178
1166,1169
1166,1171
1166,1177
1166,2208
1166,2235
1166,2836
1167,2233
1167,2263
1167,2968
1167,2985
1167,2995
1168,1170
1168,2243
1168,2274
1169,1171
1169,1172
1170,1173
1171,1172
1171,2790
1171,2812
1171,2836
1172,2812
1172,2879
1173,1176
1174,1175
1174,2847
1174,2875
1175,1178
1175,1179
1175,2784
1175,2847
1177,2235
1177,2236
1177,2836
1177,2958
1177,2975
1177,2989
1178,1179
1179,2784
1181,1183
1181,1184
1181,1192
1182,1186
1182,1187
1182,1188
1182,1802
1182,1805
1182,1833
1182,2771
1183,1184
1183,1191
1183,1192
1183,2275
1183,2277
1183,2278
1184,1190
1185,1189
1185,1193
1185,1733
1185,1735
1186,1188
1186,1194
1186,1730
1186,2771
1186,2782
1187,1188
1187,1194
1188,1194
1189,1191
1189,1193
1189,1194
1189,1733
1191,1192
1191,1193
1191,1194
1191,2278
1192,1193
1194,1730
1194,1733
1194,2278
1195,1198
1195,1229
1195,1254
1195,1259
1195,1262
1196,1215
1196,1236
1196,1242
1196,1246
1196,1271
1197,1202
1197,1233
1197,1235
1197,1264
1197,1274
1197,3041
1197,3063
1198,1254
1198,1262
1198,1265
1199,1209
1199,1214
1199,1222
1199,1234
1199,1239
1199,1263
1200,1203
1200,1220
1200,1226
1200,1229
1200,1259
1201,1225
1201,1230
1201,1246
1202,1207
1202,1217
1202,1228
1202,1233
1202,1235
1203,1220
1203,1226
1203,1250
1203,1267
1203,1273
1204,1222
1204,1239
1204,1245
1204,1277
1204,3026
1204,3042
1205,1208
1205,1274
1206,1207
1206,1224
1206,1233
1206,1269
1207,1217
1207,1224
1207,1232
1207,1233
1207,1269
1208,1233
1208,1269
1208,1274
1209,1210
1209,1218
1209,1239
1209,1243
1209,1263
1209,1271
1210,1218
1210,1243
1210,1254
1210,1263
1210,1265
1211,1242
1211,1243
1211,1265
1212,1220
1212,1231
1212,1248
1212,1250
1212,1251
1212,1261
1212,1266
1213,1217
1213,1223
1213,1227
1213,1228
1213,1253
1213,1272
1214,1234
1214,1251
1214,1254
1214,1259
1214,1262
1214,1263
1214,1266
1215,1239
1215,1246
1215,1249
1215,1271
1215,3026
1216,1230
1216,1246
1216,1249
1216,3030
1216,3049
1217,1227
1217,1228
1217,1232
1218,1243
1219,1238
1219,1241
1219,1257
1219,1267
1219,1272
1219,1273
1220,1231
1220,1250
1220,1259
1220,1266
1221,1230
1221,1260
1221,3013
1221,3037
1221,3075
1222,1234
1222,1239
1222,1245
1222,1251
1222,1277
1223,1228
1223,1231
1223,1250
1223,1253
1223,1267
1223,1272
1224,1232
1224,1240
1224,2032
1224,2092
1225,1230
1225,1236
1225,1246
1225,1260
1226,1229
1226,1270
1226,1273
1227,1232
1227,1241
1227,1272
1228,1235
1228,1253
1229,1259
1229,1262
1230,1246
1230,1260
1230,3030
1230,3032
1230,3075
1231,1248
1231,1250
1231,1253
1231,1261
1232,1240
1232,1241
1232,1275
1233,1269
1233,1274
1234,1251
1234,1263
1234,1266
1234,1277
1235,1253
1235,1255
1235,1256
1235,1264
1236,1246
1236,1260
1236,1293
1237,1245
1237,1247
1237,1248
1237,1256
1237,1258
1237,1261
1237,1277
1238,1244
1238,1257
1238,1268
1238,1270
1238,1273
1239,1271
1239,3026
1240,1252
1240,1275
1240,2032
1240,2054
1241,1257
1241,1272
1241,1275
1242,1243
1242,1271
1243,1265
1243,1271
1244,1257
1244,1268
1244,1276
1245,1247
1245,1277
1245,3042
1245,3047
1246,1249
1247,1256
1247,1258
1247,3047
1247,3071
1248,1253
1248,1256
1248,1261
1249,3026
1249,3049
1250,1267
1251,1261
1251,1266
1251,1277
1252,1275
1252,1276
1252,2054
1253,1256
1254,1262
1254,1263
1254,1265
1255,1256
1255,1258
1255,1264
1255,3052
1255,3057
1256,1258
1256,1261
1257,1275
1257,1276
1258,3057
1258,3071
1259,1262
1259,1266
1260,1293
1260,3013
1261,1277
1262,1263
1262,1266
1264,3052
1264,3063
1267,1272
1267,1273
1268,1270
1269,1274
1270,1273
1275,1276
1278,1286
1278,1288
1278,1295
1278,1308
1278,1310
1278,1325
1278,1335
1278,1346
1279,1290
1279,1304
1279,1307
1279,1339
1279,1348
1279,1359
1280,1291
1280,1292
1280,1306
1280,1321
1280,1331
1280,1333
1280,1357
1281,1288
1281,1292
1281,1306
1281,1308
1281,1313
1281,1316
1281,1322
1281,1334
1281,1345
1282,1325
1282,1326
1282,1348
1282,1350
1283,1314
1283,1352
1283,1353
1283,1355
1283,2350
1283,2379
1284,1285
1284,1299
1284,1317
1284,1323
1284,1329
1284,1358
1284,1360
1285,1294
1285,1329
1285,1341
1285,1342
1285,1360
1286,1335
1286,1346
1286,3027
1287,1304
1287,1320
1287,1347
1287,1349
1287,1363
1288,1295
1288,1306
1288,1308
1288,1326
1288,1354
1288,1357
1289,1311
1289,1314
1289,1342
1289,1353
1289,1364
1290,1307
1290,1310
1290,1335
1290,1359
1290,3018
1290,3060
1291,1331
1291,1333
1291,1361
1291,1962
1291,1992
1292,1306
1292,1321
1292,1334
1292,1337
1293,1315
1293,3013
1294,1309
1294,1328
1294,1330
1294,1341
1294,1360
1295,1325
1295,1326
1296,1302
1296,1304
1296,1339
1296,1343
1296,1347
1296,1359
1296,3059
1297,1302
1297,1327
1297,1332
1297,1343
1297,1351
1298,1303
1298,1333
1298,1338
1298,1350
1298,1352
1298,1354
1299,1301
1299,1323
1299,1358
1300,1305
1300,1327
1300,1332
1300,1362
1301,1327
1301,1351
1301,1358
1302,1332
1302,1343
1302,1356
1302,3058
1302,3059
1303,1333
1303,1338
1303,1352
1303,1355
1303,1361
1304,1339
1304,1347
1304,1348
1304,1363
1305,1362
1305,3043
1305,3074
1306,1357
1307,1310
1307,1325
1307,1335
1307,1348
1308,1313
1308,1346
1309,1323
1309,1330
1309,1360
1310,1325
1310,1335
1311,1324
1311,1338
1311,1342
1311,1350
1311,1353
1312,1322
1312,1345
1312,1987
1313,1316
1313,1346
1314,1353
1314,1364
1314,2344
1314,2350
1315,1346
1315,3013
1315,3015
1315,3027
1316,1345
1317,1329
1317,1343
1317,1347
1317,1349
1317,1358
1318,1319
1318,1336
1318,1364
1318,2330
1318,2344
1318,2375
1319,1328
1319,1336
1319,1341
1319,1364
1320,1324
1320,1342
1320,1349
1320,1363
1321,1331
1321,1337
1322,1334
1322,1337
1322,1345
1322,1971
1322,1987
1322,2003
1323,1360
1324,1342
1324,1350
1324,1363
1325,1326
1325,1348
1326,1350
1326,1354
1327,1332
1327,1351
1328,1330
1328,1336
1328,1341
1328,1344
1329,1342
1329,1349
1330,1344
1331,1337
1331,1962
1331,2002
1332,1356
1332,1362
1333,1354
1333,1357
1333,1361
1334,1337
1334,1340
1335,3018
1335,3027
1336,1344
1336,2330
1336,2374
1336,2375
1337,1340
1337,1971
1337,2002
1338,1350
1338,1352
1338,1353
1339,1359
1341,1342
1341,1364
1342,1349
1342,1364
1343,1347
1343,1351
1343,1358
1344,2374
1344,2375
1346,3027
1347,1349
1348,1350
1348,1363
1350,1354
1350,1363
1351,1358
1352,1353
1352,1355
1354,1357
1355,1361
1355,1992
1355,2379
1356,1362
1356,3017
1356,3058
1359,3059
1359,3060
1359,3067
1361,1992
1362,3017
1362,3043
1362,3073
1364,2344
1365,1383
1365,1396
1365,1443
1366,1423
1366,1434
1366,1435
1366,2426
1366,2427
1366,2446
1367,1383
1367,1407
1367,1421
1367,1443
1368,1372
1368,1374
1368,1390
1368,1404
1368,1409
1368,1413
1368,1414
1368,1444
1368,1446
1369,1411
1369,1434
1369,1437
1369,2415
1369,2426
1370,1378
1370,1431
1370,1440
1371,1373
1371,1386
1371,1400
1371,1422
1371,1442
1371,1445
1372,1386
1372,1390
1372,1406
1372,1413
1373,1377
1373,1405
1373,1412
1373,1422
1373,1442
1374,1413
1374,1417
1374,1442
1374,1444
1375,1379
1375,1389
1375,1396
1375,1439
1376,1395
1376,1402
1376,1415
1376,1441
1377,1408
1377,1412
1377,1417
1377,1442
1378,1424
1378,1431
1378,1432
1378,1436
1379,1389
1379,1396
1379,1403
1379,1407
1379,1425
1379,1428
1380,1382
1380,1397
1380,1398
1380,1401
1380,1428
1380,1429
1381,1411
1381,1433
1381,1436
1381,2470
1382,1398
1382,1401
1382,1419
1382,1420
1382,1430
1383,1396
1383,1407
1383,1443
1384,1385
1384,1394
1384,1420
1384,1430
1385,1420
1385,1441
1386,1406
1386,1413
1386,1432
1386,1442
1386,1445
1387,1388
1387,1419
1387,1430
1388,1394
1388,1419
1388,1430
1389,1409
1389,1425
1389,1428
1389,1439
1389,1446
1390,1391
1390,1406
1390,1409
1390,1446
1391,1406
1391,1427
1391,1431
1391,1440
1391,1446
1392,1427
1392,1439
1392,1440
1392,1446
1393,1405
1393,1412
1393,1423
1393,1435
1394,1430
1395,1398
1395,1402
1395,1415
1395,1426
1395,1429
1395,1441
1396,1407
1397,1401
1397,1403
1397,1410
1397,1428
1398,1420
1398,1429
1398,1441
1399,1402
1399,1414
1399,1415
1399,1416
1399,1444
1400,1411
1400,1418
1400,1422
1400,1433
1400,1437
1400,1445
1401,1410
1401,1419
1402,1414
1402,1415
1403,1407
1403,1410
1403,1428
1403,1438
1404,1409
1404,1414
1404,1415
1404,1426
1404,1444
1405,1412
1405,1422
1405,1423
1405,1437
1406,1431
1406,1432
1407,1421
1407,1438
1408,1412
1408,1416
1408,1417
1409,1425
1409,1426
1409,1446
1410,1419
1410,1438
1411,1433
1411,1437
1411,2415
1411,2470
1413,1442
1414,1415
1414,1444
1415,1426
1415,1429
1416,1417
1416,1444
1417,1442
1417,1444
1418,1424
1418,1432
1418,1433
1418,1436
1418,1445
1419,1430
1420,1430
1420,1441
1421,1438
1422,1437
1423,1434
1423,1435
1423,1437
1424,1432
1424,1436
1425,1426
1425,1428
1425,1429
1426,1429
1427,1440
1427,1446
1428,1429
1431,1432
1431,1440
1432,1445
1433,1436
1434,1437
1434,2426
1435,2427
1439,1446
1447,1498
1447,1504
1447,1507
1447,1532
1447,1544
1447,1545
1447,1551
1448,1457
1448,1478
1448,1484
1448,1490
1448,1520
1449,1490
1449,1520
1449,1681
1449,1683
1450,1456
1450,1460
1450,1515
1450,1516
1450,1528
1450,1533
1450,1534
1451,1501
1451,1506
1451,1519
1451,1550
1452,1466
1452,1475
1452,1495
1452,1554
1453,1465
1453,1488
1453,1539
1453,1554
1454,1461
1454,1488
1454,1489
1454,1517
1454,1526
1454,1539
1455,1462
1455,1508
1455,1525
1455,1549
1455,1557
1456,1460
1456,1472
1456,1473
1456,1491
1456,1514
1456,1534
1457,1471
1457,1478
1457,1529
1458,1464
1458,1481
1458,1537
1458,1549
1458,1557
1459,1463
1459,1471
1459,1477
1459,1478
1459,1505
1459,1535
1460,1472
1460,1516
1460,1522
1461,1476
1461,1489
1461,1499
1461,1512
1461,1517
1461,1531
1462,1525
1462,1546
1462,1549
1463,1467
1463,1500
1463,1505
1463,1535
1463,1543
1464,1521
1464,1536
1464,1537
1464,1547
1464,1557
1465,1488
1465,1494
1465,1497
1466,1475
1466,1530
1466,1539
1466,1554
1467,1491
1467,1504
1467,1505
1467,1507
1467,1534
1467,1543
1468,1480
1468,1485
1468,1501
1468,1550
1468,1552
1468,1558
1469,1498
1469,1502
1469,1545
1470,1471
1470,1494
1470,1529
1470,1535
1471,1478
1471,1529
1471,1535
1472,1512
1472,1514
1472,1522
1473,1491
1473,1514
1473,1517
1473,1526
1473,1543
1474,1479
1474,1482
1474,1483
1474,1493
1474,1527
1474,1556
1475,1485
1475,1495
1475,1501
1475,1530
1476,1485
1476,1489
1476,1499
1476,1530
1476,1558
1477,1478
1477,1484
1477,1486
1477,1487
1477,1505
1478,1484
1479,1493
1479,1527
1479,1536
1479,1547
1479,1553
1480,1492
1480,1523
1480,1552
1480,1553
1480,1558
1480,1560
1481,1518
1481,1524
1481,1549
1482,1483
1482,1496
1482,1538
1482,1542
1482,1555
1482,1556
1483,1509
1483,1516
1483,1522
1483,1527
1483,1555
1484,1487
1484,1520
1484,1559
1485,1501
1485,1530
1485,1558
1486,1487
1486,1504
1486,1505
1486,1511
1486,1551
1487,1511
1487,1559
1488,1497
1488,1526
1488,1539
1489,1530
1489,1539
1490,1520
1490,1681
1490,1691
1491,1534
1491,1543
1492,1521
1492,1523
1492,1547
1492,1553
1493,1508
1493,1536
1493,1541
1493,1556
1493,1557
1494,1497
1494,1500
1494,1535
1495,1501
1495,1519
1496,1540
1496,1541
1496,1542
1496,1556
1497,1500
1497,1526
1498,1502
1498,1507
1498,1545
1498,1548
1499,1531
1499,1553
1499,1558
1499,1560
1500,1526
1500,1535
1500,1543
1501,1519
1501,1550
1502,1510
1502,1548
1503,1516
1503,1528
1503,1538
1503,1555
1504,1505
1504,1507
1504,1551
1506,1519
1506,2115
1506,2152
1507,1515
1507,1534
1507,1548
1508,1525
1508,1541
1508,1557
1509,1512
1509,1522
1509,1527
1509,1531
1510,1515
1510,1533
1510,1548
1511,1532
1511,1551
1512,1514
1512,1517
1512,1522
1512,1531
1513,1518
1513,1546
1514,1517
1515,1533
1515,1534
1515,1548
1516,1522
1516,1528
1516,1555
1517,1526
1518,1524
1518,1546
1518,1549
1518,2439
1519,2152
1520,1559
1521,1537
1521,1547
1523,1552
1524,2414
1524,2439
1525,1540
1525,1541
1526,1543
1527,1531
1527,1553
1528,1533
1530,1539
1531,1553
1532,1544
1532,1551
1536,1547
1536,1557
1538,1542
1538,1555
1539,1554
1540,1541
1541,1556
1542,1561
1544,1545
1546,1549
1547,1553
1549,1557
1550,1552
1553,1560
1558,1560
1562,1573
1562,1590
1562,1602
1562,1608
1563,1566
1563,1599
1563,1605
1563,1613
1563,1617
1563,3085
1563,3100
1564,1569
1564,1575
1564,1582
1564,1597
1565,1577
1565,1583
1565,1586
1565,1591
1566,1595
1566,1609
1566,1617
1566,3085
1566,3098
1567,1570
1567,1574
1567,1599
1567,2334
1567,2356
1567,3089
1568,1569
1568,1584
1568,1586
1568,1591
1568,1611
1569,1575
1569,1582
1569,1584
1569,1587
1569,1598
1569,1611
1570,1574
1570,1578
1570,1599
1570,1601
1570,1605
1571,1604
1571,1607
1571,1614
1572,1589
1572,1601
1572,1603
1572,1616
1573,1581
1573,1583
1573,1600
1573,1602
1573,1608
1574,1601
1574,1616
1574,1959
1574,1970
1574,1997
1574,2356
1575,1580
1575,1584
1575,1594
1575,1596
1575,1597
1575,1615
1576,1579
1576,1585
1576,1586
1576,1588
1576,1593
1576,1598
1576,1600
1576,1606
1576,1611
1577,1583
1577,1590
1577,1591
1577,1595
1577,3098
1577,3103
1578,1589
1578,1596
1578,1597
1578,1601
1578,1605
1578,1614
1579,1598
1579,1612
1580,1594
1580,1609
1580,1610
1580,1615
1580,1617
1581,1593
1581,1600
1581,1602
1582,1587
1583,1586
1583,1590
1583,1600
1583,1608
1584,1591
1584,1615
1585,1593
1585,1606
1586,1591
1586,1600
1586,1611
1587,1598
1587,1612
1588,1606
1589,1601
1589,1603
1589,1604
1589,1614
1590,1608
1591,1595
1591,1610
1591,1615
1592,1593
1592,1606
1593,1600
1593,1602
1593,1606
1594,1596
1594,1605
1594,1617
1595,1609
1595,1610
1595,3098
1596,1597
1596,1605
1597,1614
1598,1611
1598,1612
1599,1605
1599,3086
1599,3089
1599,3100
1601,1616
1603,1604
1603,1616
1603,1980
1603,2006
1604,1607
1604,1614
1604,1980
1604,2006
1605,1613
1605,1617
1607,1965
1607,2006
1609,1610
1609,1617
1610,1615
1613,1617
1616,1970
1616,1980
1618,1627
1618,1635
1618,1657
1618,1658
1618,1667
1618,1708
1619,1623
1619,1662
1619,1671
1619,1677
1619,1687
1619,1709
1620,1652
1620,1655
1620,1663
1620,1668
1620,1676
1621,1634
1621,1670
1621,1679
1621,1696
1621,3091
1621,3094
1622,1626
1622,1633
1622,1638
1622,1674
1622,1675
1622,1703
1623,1656
1623,1677
1623,1680
1623,1688
1623,1709
1624,1640
1624,1679
1624,1696
1624,1698
1624,1700
1625,1662
1625,1669
1625,1671
1625,1692
1625,2336
1625,2351
1626,1633
1626,1669
1626,1675
1626,1692
1627,1638
1627,1641
1627,1657
1627,1664
1627,1667
1627,1686
1627,1699
1628,1637
1628,1644
1628,1704
1628,1706
1629,1636
1629,1644
1629,1672
1629,1688
1629,1689
1629,1695
1629,1697
1629,1710
1630,1672
1630,1683
1630,1694
1630,1695
1631,1643
1631,1671
1631,1687
1631,1707
1631,2338
1631,2390
1632,1646
1632,1660
1632,1685
1633,1655
1633,1663
1633,1669
1633,1698
1633,1703
1633,2328
1633,2381
1633,2385
1633,2386
1634,1642
1634,1652
1634,1670
1634,1679
1635,1647
1635,1658
1635,1682
1635,1708
1635,1710
1636,1637
1636,1644
1636,1688
1636,1701
1637,1644
1637,1701
1637,1704
1637,1707
1638,1641
1638,1653
1638,1673
1638,1674
1638,1675
1638,1699
1638,1705
1639,1643
1639,1704
1639,2388
1640,1698
1640,1700
1640,2348
1640,2381
1641,1649
1641,1654
1641,1673
1641,1686
1642,1652
1642,1668
1642,1685
1643,1704
1643,1707
1643,2338
1643,2388
1644,1645
1644,1695
1644,1706
1645,1694
1645,1695
1645,1706
1646,1660
1646,1661
1647,1665
1647,1682
1647,1693
1647,1697
1647,1702
1647,1710
1648,1659
1648,1667
1648,1686
1648,1708
1649,1650
1649,1654
1649,1660
1649,1661
1649,1673
1649,1690
1650,1654
1650,1659
1650,1686
1650,1690
1651,1665
1651,1666
1651,1672
1651,1683
1651,1684
1651,1693
1652,1655
1652,1668
1652,1679
1652,1698
1653,1662
1653,1675
1653,1705
1653,1709
1654,1686
1655,1663
1655,1698
1656,1664
1656,1680
1656,1699
1656,1705
1656,1709
1657,1658
1657,1664
1657,1678
1658,1678
1658,1689
1658,1710
1659,1667
1659,1686
1660,1661
1660,1673
1660,1685
1661,1690
1662,1669
1662,1671
1662,1675
1662,1692
1662,1709
1663,1676
1663,1703
1664,1678
1664,1680
1664,1699
1665,1693
1665,1702
1666,1672
1666,1681
1666,1683
1666,1684
1667,1686
1667,1708
1668,1673
1668,1676
1668,1685
1669,1692
1669,2351
1669,2385
1669,2386
1670,3094
1671,1687
1671,2329
1671,2336
1671,2390
1672,1683
1672,1693
1672,1695
1672,1697
1673,1674
1673,1676
1673,1685
1674,1676
1674,1703
1675,1692
1676,1703
1677,1687
1677,1688
1677,1701
1677,1707
1678,1680
1678,1688
1678,1689
1679,1696
1679,1698
1680,1688
1681,1683
1681,1684
1681,1691
1682,1702
1682,1708
1684,1691
1687,1701
1687,1707
1688,1689
1688,1701
1689,1697
1689,1710
1693,1697
1693,1702
1693,1710
1694,1695
1696,1700
1696,3091
1697,1710
1698,2381
1699,1705
1700,2348
1700,3091
1700,3097
1701,1707
1704,1707
1705,1709
1711,1718
1711,1720
1711,1721
1711,1722
1711,1723
1711,1725
1712,1719
1712,1722
1713,1720
1713,1727
1714,1716
1714,1717
1714,1718
1714,1726
1714,2742
1714,2763
1715,1721
1715,1722
1716,1718
1716,1722
1716,1726
1717,1718
1717,1723
1717,1725
1717,2184
1717,2194
1718,1722
1718,1723
1719,1722
1719,1726
1719,2741
1719,2751
1719,2754
1719,2767
1720,1721
1720,1724
1720,1725
1720,1727
1721,1722
1722,1726
1723,1725
1724,1725
1724,1727
1725,1727
1725,2184
1725,2190
1726,2752
1726,2754
1726,2763
1728,1729
1728,1732
1728,1734
1728,1736
1729,1731
1729,1732
1729,1736
1730,1733
1730,1737
1730,2782
1731,1732
1731,2774
1732,1734
1732,1737
1732,2772
1732,2774
1732,2778
1732,2783
1733,1734
1733,1735
1733,1737
1734,1735
1734,1736
1734,1737
1735,1736
1737,2782
1737,2783
1738,1740
1738,1741
1738,1742
1738,1743
1738,1745
1738,1752
1739,1744
1739,1746
1739,1753
1739,1794
1739,1822
1739,1835
1739,1851
1740,1741
1740,1748
1740,1750
1740,1752
1740,2216
1740,2258
1741,1745
1741,2258
1742,1743
1743,1745
1743,1754
1744,1746
1744,1751
1744,1753
1744,1757
1745,1754
1745,2230
1745,2258
1746,1757
1746,1815
1746,1822
1746,1834
1747,1748
1747,1751
1747,1755
1747,1758
1747,2216
1748,1749
1748,1750
1748,1755
1748,2216
1749,1750
1749,1755
1749,1757
1749,1834
1750,1752
1750,1832
1750,1834
1751,1753
1751,1755
1751,1756
1751,1757
1751,1758
1753,1756
1753,1827
1753,1835
1755,1757
1756,1758
1756,1827
1756,2252
1756,2259
1757,1834
1758,2216
1758,2252
1758,2255
1759,1762
1759,1782
1759,1785
1759,1789
1759,1791
1760,1762
1760,1768
1760,1786
1760,1787
1761,1765
1761,1767
1761,1772
1761,1773
1761,1778
1761,1781
1762,1776
1762,1782
1762,1787
1762,1791
1763,1770
1763,1777
1763,1788
1763,1790
1764,1779
1764,1781
1764,2495
1764,2545
1764,2671
1765,1769
1765,1773
1765,1779
1765,1781
1766,1775
1766,1778
1766,1786
1766,2557
1767,1772
1767,1778
1767,2541
1767,2637
1767,2681
1768,1771
1768,1775
1768,1786
1769,1773
1769,1779
1769,1784
1769,1789
1770,1777
1770,1779
1770,1784
1770,1790
1771,1775
1772,1781
1772,2488
1772,2526
1772,2569
1772,2637
1772,2734
1772,2737
1773,1778
1773,1786
1773,1787
1773,1789
1774,1780
1774,1782
1774,1785
1775,1786
1776,1782
1776,1783
1777,1780
1777,1784
1777,1785
1777,1788
1778,1786
1778,2541
1778,2557
1778,2601
1779,1781
1779,1784
1779,1790
1779,2545
1779,2589
1779,2666
1780,1782
1780,1783
1780,1785
1780,1788
1781,2495
1781,2526
1782,1783
1782,1785
1783,2759
1784,1785
1784,1789
1785,1789
1786,1787
1787,1789
1787,1791
1789,1791
1790,2107
1790,2542
1790,2589
1792,1802
1792,1811
1792,1833
1792,1837
1792,1838
1792,1839
1793,1796
1793,1817
1793,1842
1793,1852
1793,2249
1793,2260
1794,1821
1794,1822
1794,1832
1794,1851
1795,1800
1795,1803
1795,1804
1795,1845
1795,2265
1795,2271
1796,1798
1796,1806
1796,1852
1796,2249
1796,2269
1797,1803
1797,1814
1797,1825
1797,1829
1797,1841
1797,1846
1797,1850
1798,1806
1798,2232
1798,2269
1799,1840
1799,1842
1799,1845
1799,1846
1799,2215
1799,2266
1800,1803
1800,1804
1800,1818
1800,1830
1801,1807
1801,1808
1801,2773
1801,2776
1802,1805
1802,1811
1802,1833
1802,1847
1803,1818
1803,1825
1803,1845
1803,1846
1804,1811
1804,1830
1804,1839
1804,1844
1804,1847
1804,2271
1805,1827
1805,1831
1805,1847
1806,1810
1806,1823
1806,1852
1807,1808
1807,1812
1807,1848
1807,1849
1807,2770
1807,2773
1808,1812
1808,1836
1809,1812
1809,1813
1809,1820
1809,1837
1810,1817
1810,1819
1810,1823
1810,1828
1810,1852
1811,1833
1811,1839
1811,1847
1812,1813
1812,1836
1812,1837
1812,1848
1813,1816
1813,1820
1813,1824
1813,1830
1813,1836
1814,1816
1814,1829
1814,1836
1815,1822
1815,1832
1815,1834
1816,1824
1816,1829
1816,1836
1817,1819
1817,1826
1817,1842
1817,1852
1818,1824
1818,1825
1818,1829
1818,1830
1819,1826
1819,1828
1819,1850
1820,1830
1820,1837
1820,1838
1820,1839
1821,1832
1821,1843
1821,1851
1822,1832
1823,1828
1824,1829
1824,1830
1825,1829
1826,1841
1826,1842
1826,1850
1826,1853
1827,1831
1827,1835
1827,1844
1827,1847
1827,2259
1830,1839
1831,1835
1831,1851
1832,1834
1833,1837
1833,1849
1833,2771
1835,1851
1837,1838
1837,1848
1837,1849
1838,1839
1840,1841
1840,1842
1840,1846
1840,1853
1841,1846
1841,1850
1841,1853
1842,1853
1842,2260
1842,2266
1843,2279
1844,1847
1844,2259
1844,2271
1845,1846
1845,2215
1845,2265
1848,1849
1849,2770
1849,2771
1849,2780
1854,1870
1854,1872
1854,1894
1854,1921
1854,1929
1854,1932
1855,1867
1855,1871
1855,1902
1855,1950
1856,1858
1856,1939
1856,1950
1856,2821
1857,1915
1857,1930
1857,1937
1857,1943
1857,2292
1857,2314
1858,1948
1858,1950
1858,2437
1858,2821
1859,1865
1859,1867
1859,1909
1859,1914
1859,1948
1859,2401
1859,2437
1860,1878
1860,1901
1860,1912
1860,1922
1860,1927
1860,1947
1861,1874
1861,1895
1861,1899
1861,1912
1861,1919
1861,1947
1862,1877
1862,1879
1862,1924
1862,1931
1862,1935
1863,1877
1863,1918
1863,1924
1863,2305
1864,1897
1864,1898
1864,1909
1864,1911
1864,1934
1864,1953
1865,1867
1865,1871
1865,1876
1865,1908
1865,1909
1865,1934
1866,1902
1866,1913
1866,1933
1866,1937
1866,1943
1867,1871
1867,1948
1867,1950
1868,1880
1868,1890
1868,1923
1868,1942
1868,2884
1868,2913
1869,1878
1869,1901
1869,1905
1869,1920
1869,1922
1870,1921
1870,1926
1870,1932
1870,2824
1870,2852
1870,2887
1871,1902
1871,1908
1872,1885
1872,1896
1872,1906
1872,1916
1872,1921
1872,1929
1872,1945
1873,1875
1873,1891
1873,1910
1873,2453
1873,2461
1874,1890
1874,1899
1874,1925
1874,1947
1875,1910
1876,1889
1876,1908
1876,1934
1876,2290
1876,2325
1877,1924
1877,1931
1877,2296
1877,2305
1878,1905
1878,1907
1878,1922
1878,1927
1879,1896
1879,1900
1879,1916
1879,1931
1879,1935
1880,1881
1880,1942
1880,2884
1880,2914
1881,1901
1881,1942
1882,1883
1882,1887
1882,1894
1882,1915
1882,1929
1882,1933
1882,1937
1883,1887
1883,1902
1883,1933
1883,1952
1884,1905
1884,1907
1884,1920
1884,1924
1884,1935
1884,1949
1885,1892
1885,1921
1885,1926
1885,1945
1886,1895
1886,1912
1886,1917
1886,1927
1886,1951
1887,1894
1887,1932
1887,1938
1887,1939
1887,1952
1888,1892
1888,1895
1888,1904
1888,1917
1888,1944
1888,1945
1888,1946
1889,1908
1889,1913
1889,2325
1890,1899
1890,1923
1890,1925
1890,2867
1890,2913
1891,1910
1891,1940
1891,2396
1891,2453
1892,1926
1892,1944
1892,1945
1892,2824
1892,2841
1893,1907
1893,1927
1893,1949
1893,1951
1894,1929
1894,1932
1894,1938
1895,1912
1895,1917
1895,1919
1895,1946
1896,1904
1896,1906
1896,1916
1896,1935
1896,1945
1897,1898
1897,1903
1897,1911
1897,1940
1897,1941
1897,2406
1897,2469
1898,1928
1898,1934
1898,1941
1898,2302
1899,1919
1899,2867
1900,1916
1900,1930
1900,1931
1900,1936
1901,1922
1901,1942
1901,1947
1902,1908
1902,1913
1902,1933
1902,1950
1902,1952
1903,1910
1903,1940
1903,1941
1903,2316
1904,1917
1904,1935
1904,1945
1904,1949
1904,1951
1905,1907
1905,1920
1906,1916
1907,1927
1907,1949
1908,1913
1909,1914
1909,1934
1909,1953
1910,1940
1910,2316
1911,1953
1911,2406
1911,2421
1911,2477
1912,1927
1912,1947
1913,1943
1913,2308
1913,2325
1914,1953
1914,2401
1914,2477
1915,1916
1915,1929
1915,1930
1915,1933
1915,1937
1916,1929
1916,1930
1916,1936
1917,1945
1917,1946
1917,1951
1918,1924
1919,1946
1919,2796
1919,2823
1919,2867
1920,1924
1921,1926
1923,1925
1923,1942
1924,1935
1925,1942
1925,1947
1926,2824
1927,1951
1928,1934
1928,2302
1928,2321
1930,1936
1930,1937
1930,2292
1930,2314
1931,1936
1931,2296
1931,2305
1931,2314
1932,1938
1932,2827
1932,2852
1933,1937
1934,2290
1934,2321
1935,1949
1936,2314
1937,1943
1938,1939
1938,2827
1938,2851
1939,1950
1939,1952
1939,2801
1939,2821
1939,2851
1940,2396
1940,2469
1941,2302
1941,2316
1941,2318
1942,1947
1943,2292
1943,2308
1944,1946
1944,2841
1946,2796
1946,2841
1948,1950
1948,2437
1949,1951
1950,1952
1953,2477
1954,1959
1954,1972
1954,1974
1954,1996
1954,1997
1954,2340
1954,2356
1954,2377
1955,1962
1955,1973
1955,1976
1955,1990
1955,1999
1955,2000
1956,1967
1956,1985
1956,1988
1956,1989
1956,2001
1956,2005
1957,1966
1957,1970
1957,1980
1957,1997
1957,1998
1958,1978
1958,1988
1958,1991
1958,1993
1959,1997
1959,2356
1960,1965
1960,1984
1960,1991
1960,2004
1960,2006
1961,1968
1961,1975
1961,1981
1961,1983
1961,1986
1961,1995
1962,1990
1962,1992
1962,1999
1962,2002
1963,1987
1963,1989
1963,2001
1963,2003
1964,1976
1964,1979
1964,1990
1964,1994
1964,2331
1964,2369
1965,2006
1966,1980
1966,1981
1966,1982
1966,1984
1966,1998
1967,1969
1967,1973
1967,1985
1967,2005
1968,1975
1968,1977
1968,1979
1968,1983
1968,1996
1968,2335
1968,2340
1969,1973
1969,2000
1969,2005
1970,1980
1970,1997
1971,1985
1971,1999
1971,2002
1971,2003
1972,1974
1972,1983
1972,1996
1972,1998
1973,1985
1973,1999
1973,2000
1974,1997
1974,1998
1975,1977
1975,1995
1975,2000
1975,2005
1976,1977
1976,1979
1976,1990
1976,2000
1977,1979
1977,2000
1978,1981
1978,1988
1978,1991
1978,1995
1978,2004
1979,2335
1979,2369
1980,1984
1980,2006
1981,1982
1981,1984
1981,1986
1981,1995
1981,2004
1982,1983
1982,1986
1982,1998
1983,1986
1983,1996
1983,1998
1984,2004
1984,2006
1985,1989
1985,1999
1985,2003
1987,2003
1988,1993
1988,1995
1988,2001
1988,2005
1989,2001
1989,2003
1990,1992
1990,1994
1991,2004
1992,1994
1992,2370
1992,2379
1993,2001
1994,2331
1994,2370
1994,2379
1995,2005
1996,2340
1997,1998
1999,2002
2000,2005
2007,2014
2007,2042
2007,2072
2007,2079
2008,2012
2008,2038
2008,2039
2008,2075
2008,2087
2009,2044
2009,2045
2009,2048
2009,2053
2009,2058
2009,2076
2009,2091
2010,2034
2010,2049
2010,2084
2010,2227
2010,2232
2011,2043
2011,2059
2011,2064
2011,2070
2011,2088
2011,2090
2011,3010
2012,2039
2012,2052
2012,2060
2012,2081
2012,2087
2013,2036
2013,2040
2013,2047
2013,2062
2013,2067
2013,2982
2013,2991
2014,2019
2014,2020
2014,2042
2015,2037
2015,2063
2015,2074
2015,2089
2016,2021
2016,2040
2016,2047
2016,2082
2016,2085
2017,2018
2017,2052
2017,2055
2017,2061
2017,2081
2017,2086
2018,2035
2018,2055
2018,2061
2018,2063
2019,2020
2019,2037
2019,2089
2020,2030
2020,2035
2020,2042
2020,2089
2021,2047
2021,2056
2021,2082
2021,2211
2021,2244
2021,2971
2022,2036
2022,2044
2022,2048
2022,2051
2022,2066
2022,2085
2023,2045
2023,2057
2023,2065
2023,2076
2023,2080
2023,2094
2024,2034
2024,2049
2024,2053
2024,2058
2024,2073
2024,2083
2025,2060
2025,2061
2025,2063
2025,2074
2025,2081
2026,2041
2026,2069
2026,2075
2026,2092
2027,2031
2027,2048
2027,2051
2027,2057
2027,2065
2027,2086
2028,2045
2028,2053
2028,2068
2028,2078
2029,2031
2029,2043
2029,2051
2029,2070
2029,2071
2030,2035
2030,2042
2030,2055
2030,2071
2030,2077
2031,2051
2031,2055
2031,2071
2031,2086
2032,2041
2032,2054
2032,2092
2033,2046
2033,2050
2033,2059
2033,2088
2033,2962
2033,2983
2034,2049
2034,2073
2034,2083
2034,2084
2035,2055
2035,2063
2035,2089
2036,2040
2036,2066
2036,2067
2036,2085
2037,2089
2038,2039
2038,2041
2038,2075
2038,2080
2038,2093
2038,2094
2039,2052
2039,2057
2039,2086
2039,2094
2040,2047
2040,2085
2041,2054
2041,2075
2041,2092
2041,2093
2042,2072
2042,2077
2043,2070
2043,2071
2043,2077
2043,2088
2044,2048
2044,2082
2044,2085
2044,2091
2045,2053
2045,2076
2045,2078
2045,2080
2046,2050
2046,2072
2046,2077
2046,2079
2046,2088
2047,2961
2047,2971
2047,2991
2048,2051
2048,2065
2048,2076
2050,2079
2050,2962
2050,3006
2051,2066
2051,2070
2052,2081
2052,2086
2053,2058
2054,2068
2054,2093
2055,2071
2055,2086
2056,2073
2056,2082
2056,2084
2056,2244
2056,2250
2057,2065
2057,2086
2057,2094
2058,2083
2058,2091
2059,2088
2059,2974
2059,2983
2059,3010
2060,2081
2060,2087
2061,2063
2061,2081
2062,2067
2062,2090
2062,2982
2062,3004
2062,3008
2063,2074
2063,2089
2064,2066
2064,2067
2064,2070
2064,2090
2065,2076
2066,2067
2066,2070
2067,2090
2068,2078
2068,2093
2069,2075
2069,2087
2071,2077
2072,2077
2072,2079
2073,2082
2073,2083
2073,2084
2075,2087
2075,2093
2077,2088
2078,2080
2078,2093
2080,2093
2080,2094
2082,2083
2082,2085
2082,2091
2083,2091
2084,2227
2084,2250
2090,2993
2090,3004
2090,3010
2095,2105
2095,2115
2095,2162
2096,2118
2096,2121
2096,2141
2096,2170
2097,2101
2097,2106
2097,2109
2097,2129
2097,2155
2097,2158
2098,2117
2098,2124
2098,2164
2098,2634
2098,2665
2099,2114
2099,2122
2099,2123
2099,2132
2099,2159
2099,2169
2099,2530
2099,2728
2100,2102
2100,2103
2100,2114
2100,2116
2100,2131
2100,2141
2101,2106
2101,2129
2101,2142
2101,2560
2101,2577
2101,2625
2102,2103
2102,2110
2102,2114
2102,2120
2102,2132
2102,2169
2103,2108
2103,2120
2103,2131
2103,2136
2103,2138
2103,2149
2104,2119
2104,2128
2104,2129
2104,2137
2104,2142
2104,2144
2104,2163
2105,2115
2105,2143
2105,2145
2105,2162
2105,2167
2106,2139
2106,2158
2106,2625
2106,2680
2107,2164
2107,2542
2107,2697
2108,2138
2108,2149
2108,2157
2109,2126
2109,2129
2109,2155
2109,2156
2110,2111
2110,2120
2110,2132
2110,2163
2110,2165
2111,2128
2111,2163
2111,2165
2111,2525
2111,2729
2112,2115
2112,2143
2112,2147
2112,2152
2112,2160
2113,2135
2113,2148
2113,2150
2113,2153
2113,2154
2113,2166
2114,2116
2114,2159
2114,2169
2115,2143
2115,2152
2116,2117
2116,2141
2116,2159
2116,2171
2117,2124
2117,2159
2117,2171
2117,2592
2117,2634
2118,2121
2118,2130
2118,2131
2118,2136
2118,2141
2118,2146
2119,2120
2119,2138
2119,2144
2119,2156
2119,2163
2120,2138
2120,2163
2121,2130
2122,2123
2122,2127
2122,2132
2123,2127
2123,2524
2123,2530
2123,2585
2124,2170
2124,2171
2125,2133
2125,2134
2125,2140
2125,2145
2125,2155
2125,2162
2126,2140
2126,2148
2126,2155
2126,2156
2126,2161
2127,2132
2127,2165
2127,2585
2127,2730
2128,2137
2128,2163
2128,2525
2128,2655
2129,2142
2129,2144
2129,2156
2130,2146
2130,2151
2131,2136
2131,2141
2131,2149
2132,2165
2132,2169
2133,2134
2133,2155
2133,2158
2134,2139
2134,2158
2134,2162
2135,2136
2135,2148
2135,2149
2135,2154
2135,2157
2136,2146
2136,2149
2136,2154
2137,2142
2137,2535
2137,2577
2137,2655
2138,2156
2138,2157
2139,2158
2139,2505
2139,2680
2140,2145
2140,2148
2140,2150
2140,2155
2141,2170
2141,2171
2142,2577
2143,2160
2143,2167
2144,2156
2145,2150
2145,2162
2145,2167
2146,2151
2146,2153
2146,2154
2147,2160
2147,2168
2148,2150
2148,2157
2148,2161
2149,2157
2150,2166
2150,2167
2151,2153
2151,2166
2151,2168
2153,2154
2153,2166
2155,2158
2156,2157
2156,2161
2157,2161
2159,2592
2159,2728
2160,2166
2160,2167
2160,2168
2164,2584
2164,2665
2164,2697
2165,2729
2165,2730
2166,2167
2166,2168
2170,2171
2172,2183
2172,2194
2172,2202
2172,2203
2173,2191
2173,2192
2173,2193
2173,2198
2174,2185
2174,2195
2174,2197
2174,2204
2174,2205
2174,2207
2175,2176
2175,2200
2175,2205
2175,2942
2175,2952
2176,2197
2176,2200
2176,2205
2176,2923
2176,2925
2176,2952
2177,2179
2177,2181
2178,2180
2178,2183
2178,2184
2178,2187
2178,2206
2179,2181
2179,2188
2180,2184
2180,2187
2180,2189
2180,2190
2180,2191
2180,2193
2181,2186
2181,2188
2181,2189
2181,2191
2182,2196
2182,2199
2182,2204
2182,2206
2182,2937
2183,2184
2183,2194
2183,2196
2183,2201
2183,2202
2183,2206
2184,2190
2184,2194
2185,2197
2185,2204
2185,2937
2185,2947
2186,2188
2186,2189
2187,2193
2187,2195
2187,2204
2187,2206
2189,2190
2189,2191
2191,2192
2191,2193
2192,2198
2192,2200
2193,2195
2193,2198
2195,2198
2195,2204
2195,2207
2196,2201
2196,2206
2196,2920
2196,2937
2197,2205
2197,2923
2197,2947
2198,2200
2198,2207
2199,2204
2199,2937
2200,2205
2200,2207
2201,2202
2201,2203
2201,2920
2201,2924
2201,2953
2202,2203
2203,2919
2203,2924
2203,2929
2204,2206
2204,2937
2205,2207
2208,2228
2208,2235
2208,2274
2209,2210
2209,2211
2209,2217
2209,2270
2209,2272
2210,2217
2210,2223
2210,2239
2210,2240
2210,2272
2211,2217
2211,2244
2211,2270
2211,2971
2212,2214
2212,2218
2212,2236
2212,2238
2212,2263
2213,2222
2213,2243
2213,2245
2213,2246
2213,2253
2213,2261
2214,2218
2214,2221
2214,2224
2214,2238
2215,2248
2215,2264
2215,2265
2215,2266
2215,2273
2216,2246
2216,2253
2216,2255
2216,2258
2217,2223
2217,2244
2217,2250
2217,2268
2218,2224
2218,2239
2218,2263
2218,2272
2219,2224
2219,2225
2219,2231
2219,2249
2219,2260
2220,2246
2220,2247
2220,2252
2220,2255
2220,2261
2221,2224
2221,2225
2221,2238
2221,2251
2221,2267
2222,2230
2222,2243
2222,2253
2223,2234
2223,2240
2223,2268
2224,2225
2224,2231
2224,2239
2224,2240
2225,2248
2225,2260
2225,2267
2226,2247
2226,2248
2226,2254
2226,2256
2226,2261
2226,2264
2227,2232
2227,2250
2227,2268
2227,2269
2228,2229
2228,2235
2228,2257
2228,2274
2229,2241
2229,2243
2229,2245
2229,2256
2229,2257
2229,2261
2229,2274
2230,2253
2230,2258
2231,2234
2231,2240
2231,2249
2231,2269
2232,2269
2233,2237
2233,2263
2233,2270
2233,2272
2233,2987
2233,2995
2234,2240
2234,2268
2234,2269
2235,2236
2235,2238
2235,2241
2235,2257
2236,2238
2237,2270
2237,2982
2237,2987
2237,3008
2238,2241
2238,2251
2239,2240
2239,2272
2241,2251
2241,2256
2241,2257
2241,2262
2242,2247
2242,2252
2242,2265
2242,2271
2242,2273
2243,2245
2243,2274
2244,2250
2245,2261
2246,2253
2246,2255
2246,2261
2247,2252
2247,2261
2247,2264
2247,2273
2248,2254
2248,2256
2248,2260
2248,2264
2248,2266
2248,2267
2249,2260
2249,2269
2250,2268
2251,2262
2251,2267
2252,2255
2252,2259
2252,2271
2253,2258
2254,2256
2256,2257
2256,2261
2256,2262
2256,2267
2259,2271
2260,2266
2262,2267
2263,2272
2264,2273
2265,2271
2265,2273
2268,2269
2270,2272
2270,2961
2270,2971
2270,2982
2270,2991
2275,2276
2275,2277
2275,2278
2276,2277
2276,2278
2276,2279
2277,2279
2280,2283
2280,2302
2280,2303
2280,2309
2280,2312
2281,2285
2281,2298
2281,2311
2281,2317
2281,2320
2282,2284
2282,2285
2282,2294
2282,2304
2283,2302
2283,2309
2283,2316
2283,2318
2284,2285
2284,2294
2284,2304
2284,2317
2285,2317
2286,2294
2286,2304
2286,2306
2287,2289
2287,2293
2287,2297
2287,2301
2287,2317
2287,2324
2288,2293
2288,2311
2288,2317
2288,2319
2288,2322
2289,2294
2289,2297
2289,2301
2290,2321
2290,2323
2290,2325
2291,2299
2291,2308
2291,2323
2291,2325
2292,2295
2292,2307
2292,2308
2292,2314
2293,2300
2293,2317
2293,2322
2293,2324
2294,2297
2294,2304
2294,2317
2295,2300
2295,2307
2295,2310
2295,2314
2296,2300
2296,2305
2296,2313
2296,2314
2297,2317
2298,2303
2298,2312
2298,2320
2299,2307
2299,2308
2299,2315
2299,2319
2299,2323
2300,2310
2300,2313
2300,2314
2300,2322
2300,2324
2301,2305
2301,2313
2301,2324
2302,2309
2302,2318
2302,2321
2303,2309
2303,2312
2303,2315
2303,2320
2304,2306
2305,2313
2307,2308
2307,2310
2307,2319
2307,2322
2308,2325
2309,2315
2309,2321
2309,2323
2310,2322
2311,2315
2311,2317
2311,2319
2311,2320
2313,2324
2315,2319
2315,2320
2315,2323
2316,2318
2319,2322
2321,2323
2323,2325
2326,2332
2326,2336
2326,2342
2326,2346
2326,2361
2326,2380
2327,2337
2327,2354
2327,2361
2327,2363
2327,2380
2327,2382
2328,2360
2328,2372
2328,2381
2328,2385
2329,2336
2329,2358
2329,2390
2330,2344
2330,2353
2330,2363
2330,2364
2330,2375
2331,2343
2331,2347
2331,2349
2331,2369
2331,2370
2331,2382
2332,2333
2332,2336
2332,2361
2332,2367
2333,2354
2333,2359
2333,2361
2333,2367
2334,2356
2334,2365
2334,2371
2334,2377
2334,3089
2335,2340
2335,2369
2335,2389
2336,2346
2336,2351
2336,2358
2336,2367
2337,2339
2337,2343
2337,2353
2337,2363
2337,2382
2338,2366
2338,2387
2338,2388
2338,2390
2339,2343
2339,2344
2339,2350
2339,2353
2340,2345
2340,2377
2340,2389
2340,2391
2341,2348
2341,2376
2341,2381
2341,3097
2341,3106
2342,2346
2342,2355
2342,2358
2342,2380
2343,2350
2343,2370
2343,2379
2343,2382
2344,2350
2344,2353
2345,2352
2345,2378
2345,2383
2345,2384
2345,2389
2345,2391
2346,2358
2347,2349
2347,2369
2347,2378
2347,2389
2348,2381
2348,3097
2349,2354
2349,2359
2349,2378
2349,2382
2350,2379
2351,2367
2351,2386
2352,2360
2352,2362
2352,2371
2352,2376
2352,2383
2352,2391
2353,2363
2354,2359
2354,2361
2354,2382
2355,2358
2355,2368
2355,2373
2355,2380
2356,2377
2357,2359
2357,2367
2357,2383
2357,2384
2358,2368
2358,2387
2358,2390
2359,2367
2359,2378
2359,2384
2360,2362
2360,2372
2360,2376
2360,2381
2360,2385
2361,2380
2362,2367
2362,2372
2362,2383
2363,2364
2363,2373
2363,2380
2364,2368
2364,2373
2364,2374
2364,2375
2365,2371
2365,2376
2365,3089
2365,3106
2366,2374
2366,2387
2366,2388
2367,2372
2367,2383
2367,2386
2368,2373
2368,2374
2368,2387
2369,2389
2370,2379
2371,2376
2371,2377
2371,2391
2372,2385
2372,2386
2373,2380
2374,2375
2374,2387
2376,2381
2376,3106
2377,2391
2378,2384
2378,2389
2383,2384
2383,2391
2385,2386
2387,2390
2392,2398
2392,2438
2392,2456
2392,2464
2392,2467
2392,2478
2393,2407
2393,2443
2393,2450
2393,2455
2393,2466
2394,2400
2394,2411
2394,2431
2394,2433
2394,2434
2394,2459
2394,2472
2395,2409
2395,2424
2395,2463
2395,2468
2395,2479
2396,2438
2396,2444
2396,2453
2396,2469
2397,2424
2397,2445
2397,2452
2397,2461
2398,2404
2398,2467
2398,2478
2399,2407
2399,2412
2399,2466
2399,2480
2399,2486
2400,2411
2400,2418
2400,2430
2400,2431
2400,2448
2400,2483
2401,2437
2401,2473
2401,2477
2401,2481
2402,2410
2402,2413
2402,2454
2402,2465
2402,2485
2403,2426
2403,2427
2403,2430
2403,2446
2403,2448
2404,2420
2404,2425
2404,2478
2404,2835
2405,2435
2405,2447
2405,2458
2405,2460
2406,2421
2406,2423
2406,2436
2406,2469
2407,2417
2407,2422
2407,2455
2407,2466
2407,2480
2408,2414
2408,2418
2408,2429
2408,2440
2408,2448
2409,2416
2409,2456
2409,2462
2409,2463
2409,2464
2409,2479
2409,2484
2410,2465
2410,2466
2410,2474
2410,2485
2410,2486
2411,2427
2411,2430
2411,2459
2411,2482
2412,2462
2412,2471
2412,2480
2412,2484
2412,2486
2413,2432
2413,2433
2413,2434
2413,2454
2413,2485
2414,2418
2414,2439
2414,2440
2414,2457
2415,2426
2415,2429
2415,2470
2415,2475
2416,2456
2416,2458
2416,2460
2416,2462
2416,2467
2417,2422
2417,2443
2417,2449
2417,2455
2418,2448
2418,2457
2418,2483
2419,2441
2419,2443
2419,2450
2419,2451
2420,2423
2420,2425
2420,2428
2420,2436
2420,2438
2420,2478
2421,2423
2421,2428
2421,2477
2421,2481
2422,2449
2422,2468
2422,2480
2423,2428
2423,2436
2424,2449
2424,2452
2424,2463
2424,2468
2425,2428
2425,2835
2425,2864
2426,2429
2426,2446
2426,2448
2427,2430
2427,2446
2427,2482
2428,2473
2428,2481
2428,2864
2429,2440
2429,2448
2429,2475
2430,2448
2431,2472
2431,2483
2432,2434
2432,2442
2432,2451
2432,2459
2432,2485
2433,2434
2433,2454
2433,2472
2434,2459
2435,2447
2435,2458
2435,2462
2435,2471
2436,2438
2436,2469
2437,2473
2437,2821
2437,2874
2438,2444
2438,2464
2438,2469
2438,2478
2439,2457
2440,2475
2441,2442
2441,2451
2441,2482
2442,2451
2442,2459
2442,2482
2443,2450
2443,2455
2444,2445
2444,2453
2444,2464
2445,2452
2445,2453
2445,2461
2445,2464
2447,2471
2447,2474
2447,2476
2449,2468
2450,2451
2450,2466
2450,2485
2451,2485
2452,2463
2452,2464
2453,2461
2454,2465
2454,2472
2456,2464
2456,2467
2457,2483
2458,2460
2458,2462
2459,2482
2460,2467
2462,2471
2462,2484
2463,2464
2465,2474
2466,2485
2466,2486
2468,2479
2468,2480
2470,2475
2471,2476
2471,2486
2473,2481
2473,2864
2473,2874
2473,2881
2474,2476
2474,2486
2476,2486
2477,2481
2479,2480
2479,2484
2480,2484
2487,2523
2487,2567
2487,2593
2487,2599
2487,2631
2488,2554
2488,2569
2488,2645
2488,2651
2488,2734
2489,2523
2489,2599
2489,2607
2489,2660
2489,2673
2489,2689
2489,2714
2489,2715
2490,2515
2490,2664
2490,2682
2490,2691
2491,2498
2491,2525
2491,2605
2491,2710
2491,2729
2491,2730
2491,2738
2492,2509
2492,2519
2492,2551
2492,2576
2492,2674
2492,2677
2492,2705
2493,2501
2493,2568
2493,2614
2493,2628
2493,2635
2493,2642
2493,2649
2493,2733
2494,2531
2494,2561
2494,2565
2494,2723
2494,2725
2494,2727
2495,2526
2495,2596
2495,2626
2495,2671
2496,2501
2496,2616
2496,2619
2496,2649
2496,2679
2496,2718
2497,2514
2497,2561
2497,2630
2497,2713
2497,2732
2498,2564
2498,2590
2498,2624
2498,2710
2498,2729
2498,2730
2498,2738
2499,2574
2499,2614
2499,2635
2499,2682
2499,2691
2500,2513
2500,2536
2500,2559
2500,2627
2500,2641
2500,2652
2500,2732
2501,2532
2501,2580
2501,2616
2501,2649
2501,2733
2502,2513
2502,2532
2502,2572
2502,2591
2502,2616
2502,2636
2502,2713
2503,2544
2503,2571
2503,2600
2503,2639
2503,2645
2503,2654
2503,2694
2504,2536
2504,2558
2504,2583
2504,2595
2504,2612
2504,2641
2504,2699
2505,2520
2505,2658
2505,2680
2506,2565
2506,2570
2506,2587
2506,2647
2506,2727
2507,2512
2507,2579
2507,2631
2507,2643
2507,2684
2507,2725
2508,2608
2508,2672
2508,2675
2508,2708
2509,2551
2509,2563
2509,2582
2509,2659
2509,2705
2510,2552
2510,2594
2510,2610
2510,2611
2510,2617
2510,2623
2510,2700
2511,2516
2511,2528
2511,2533
2511,2553
2511,2640
2511,2653
2511,2692
2512,2630
2512,2652
2512,2684
2512,2725
2513,2627
2513,2636
2513,2692
2513,2713
2513,2732
2514,2561
2514,2575
2514,2580
2514,2591
2514,2713
2515,2606
2515,2647
2515,2682
2515,2721
2516,2528
2516,2553
2516,2613
2516,2695
2516,2707
2517,2594
2517,2731
2518,2566
2518,2658
2518,2711
2518,2716
2518,2736
2519,2551
2519,2576
2519,2603
2519,2657
2519,2674
2519,2677
2519,2683
2520,2644
2520,2658
2521,2545
2521,2581
2521,2626
2521,2671
2521,2677
2521,2705
2522,2570
2522,2587
2522,2609
2522,2632
2523,2593
2523,2599
2523,2660
2523,2687
2523,2698
2524,2530
2524,2537
2524,2582
2524,2585
2525,2605
2525,2655
2525,2729
2526,2596
2526,2626
2526,2709
2526,2737
2527,2654
2527,2663
2527,2686
2527,2702
2527,2712
2528,2534
2528,2640
2528,2686
2528,2707
2529,2543
2529,2547
2529,2560
2529,2577
2529,2602
2529,2685
2530,2551
2530,2576
2530,2582
2530,2728
2531,2561
2531,2606
2531,2629
2531,2727
2532,2580
2532,2591
2532,2616
2533,2553
2533,2558
2533,2583
2533,2653
2534,2640
2534,2650
2534,2686
2534,2693
2534,2712
2535,2547
2535,2577
2535,2655
2535,2735
2536,2583
2536,2627
2536,2641
2537,2549
2537,2564
2537,2582
2537,2585
2537,2621
2537,2659
2538,2539
2538,2554
2538,2672
2538,2717
2538,2724
2539,2604
2539,2672
2539,2678
2539,2693
2539,2704
2539,2708
2539,2717
2539,2719
2540,2549
2540,2563
2540,2571
2540,2581
2540,2618
2540,2638
2540,2639
2540,2659
2541,2601
2541,2608
2541,2681
2542,2589
2542,2657
2542,2697
2543,2547
2543,2556
2543,2615
2543,2685
2543,2706
2544,2569
2544,2600
2544,2639
2544,2645
2544,2709
2545,2666
2545,2671
2545,2674
2545,2677
2546,2560
2546,2566
2546,2598
2546,2602
2546,2625
2546,2680
2547,2577
2547,2706
2547,2735
2548,2574
2548,2575
2548,2614
2548,2629
2548,2721
2549,2563
2549,2571
2549,2618
2549,2621
2549,2659
2549,2703
2550,2568
2550,2628
2550,2648
2550,2726
2550,2740
2551,2576
2551,2582
2551,2728
2552,2610
2552,2611
2552,2628
2552,2635
2552,2642
2552,2726
2553,2558
2553,2668
2553,2695
2553,2701
2554,2651
2554,2717
2554,2724
2554,2734
2555,2619
2555,2620
2555,2622
2555,2679
2555,2704
2555,2718
2555,2719
2556,2593
2556,2595
2556,2612
2556,2615
2556,2661
2556,2706
2557,2601
2558,2583
2558,2597
2558,2668
2558,2699
2559,2633
2559,2641
2559,2652
2559,2684
2560,2577
2560,2602
2560,2625
2561,2575
2561,2629
2561,2630
2561,2725
2562,2613
2562,2618
2562,2654
2562,2663
2562,2694
2562,2703
2562,2707
2563,2581
2563,2638
2563,2659
2563,2705
2564,2585
2564,2621
2564,2624
2564,2730
2565,2587
2565,2723
2565,2727
2566,2598
2566,2680
2566,2711
2566,2736
2567,2593
2567,2631
2567,2633
2567,2661
2568,2628
2568,2649
2568,2718
2568,2740
2569,2645
2569,2709
2569,2737
2570,2587
2571,2618
2571,2638
2571,2639
2571,2694
2572,2616
2572,2619
2572,2620
2572,2636
2572,2646
2573,2600
2573,2645
2573,2651
2573,2678
2573,2702
2573,2717
2574,2614
2574,2682
2574,2721
2575,2580
2575,2614
2575,2629
2575,2733
2576,2592
2576,2683
2576,2728
2578,2588
2578,2687
2578,2698
2578,2716
2579,2643
2579,2656
2579,2722
2579,2723
2579,2725
2580,2591
2580,2733
2581,2596
2581,2626
2581,2638
2581,2705
2582,2659
2583,2627
2583,2653
2584,2603
2584,2657
2584,2665
2584,2683
2584,2697
2585,2730
2586,2607
2586,2609
2586,2632
2586,2667
2586,2673
2586,2715
2587,2632
2587,2656
2587,2723
2588,2644
2588,2669
2588,2687
2588,2716
2589,2657
2589,2666
2589,2697
2590,2613
2590,2621
2590,2624
2590,2695
2590,2703
2590,2710
2591,2713
2592,2634
2592,2683
2592,2728
2593,2615
2593,2661
2593,2698
2593,2720
2594,2617
2594,2700
2594,2731
2595,2612
2595,2633
2595,2641
2595,2661
2596,2626
2596,2638
2596,2639
2596,2709
2596,2737
2597,2612
2597,2668
2597,2670
2597,2699
2598,2602
2598,2676
2598,2736
2599,2631
2599,2643
2599,2714
2599,2722
2600,2645
2600,2654
2600,2702
2601,2608
2601,2675
2602,2615
2602,2676
2602,2685
2602,2720
2603,2657
2603,2683
2603,2697
2604,2678
2604,2693
2604,2712
2605,2655
2605,2668
2605,2670
2605,2735
2605,2738
2606,2629
2606,2647
2606,2721
2606,2727
2607,2662
2607,2667
2607,2688
2607,2689
2607,2715
2608,2672
2608,2675
2608,2681
2609,2632
2609,2667
2610,2700
2610,2726
2610,2739
2611,2623
2611,2635
2611,2664
2611,2691
2612,2670
2612,2699
2612,2706
2613,2663
2613,2695
2613,2703
2613,2707
2614,2635
2614,2733
2615,2685
2615,2720
2616,2619
2617,2623
2617,2731
2618,2621
2618,2694
2618,2703
2619,2620
2619,2679
2620,2646
2620,2650
2620,2693
2620,2704
2621,2624
2621,2659
2621,2703
2622,2648
2622,2718
2622,2719
2622,2740
2623,2664
2624,2703
2624,2710
2625,2680
2626,2638
2626,2671
2627,2653
2627,2692
2628,2642
2628,2726
2629,2721
2630,2652
2630,2725
2630,2732
2631,2633
2631,2643
2631,2684
2632,2656
2632,2673
2632,2690
2633,2641
2633,2661
2633,2684
2634,2665
2634,2683
2635,2642
2635,2691
2636,2646
2636,2692
2637,2681
2637,2724
2637,2734
2638,2639
2638,2709
2639,2709
2640,2646
2640,2650
2640,2692
2642,2726
2643,2684
2643,2722
2644,2658
2644,2716
2645,2651
2646,2650
2646,2692
2647,2727
2648,2718
2648,2726
2648,2740
2649,2718
2649,2740
2650,2693
2650,2704
2650,2712
2651,2678
2651,2717
2652,2684
2652,2732
2653,2692
2654,2663
2654,2694
2654,2702
2655,2735
2656,2690
2656,2722
2656,2723
2657,2666
2657,2674
2657,2697
2658,2680
2658,2711
2658,2716
2660,2687
2660,2689
2660,2696
2662,2667
2662,2688
2663,2686
2663,2694
2663,2707
2664,2691
2665,2683
2666,2674
2666,2677
2668,2670
2668,2701
2668,2738
2669,2687
2669,2696
2670,2706
2670,2735
2672,2681
2672,2708
2672,2724
2673,2690
2673,2714
2673,2715
2674,2677
2676,2720
2676,2736
2677,2705
2678,2702
2678,2712
2678,2717
2679,2718
2680,2711
2681,2724
2682,2691
2682,2721
2683,2728
2686,2707
2686,2712
2687,2696
2687,2698
2688,2689
2688,2696
2689,2696
2690,2714
2690,2722
2693,2704
2693,2712
2695,2701
2695,2710
2698,2716
2698,2720
2698,2736
2700,2739
2701,2710
2701,2738
2702,2712
2704,2719
2706,2735
2708,2719
2709,2737
2710,2738
2713,2732
2714,2722
2716,2736
2718,2740
2720,2736
2723,2725
2724,2734
2726,2739
2729,2730
2741,2749
2741,2751
2741,2754
2741,2756
2741,2761
2742,2743
2742,2746
2742,2763
2742,2769
2743,2757
2743,2769
2744,2747
2744,2748
2744,2760
2744,2764
2744,2765
2745,2747
2745,2762
2745,2764
2745,3102
2746,2755
2746,2758
2746,2763
2746,2769
2747,2762
2747,2764
2747,2765
2747,2766
2748,2750
2748,2759
2748,2760
2748,2761
2748,2764
2748,2768
2749,2751
2749,2753
2749,2756
2749,2759
2749,2768
2750,2759
2750,2764
2750,2768
2751,2753
2751,2767
2752,2754
2752,2760
2752,2763
2752,2765
2753,2759
2753,2767
2754,2760
2754,2761
2755,2757
2755,2758
2755,2762
2755,2769
2756,2761
2756,2768
2757,2762
2757,2769
2757,3095
2757,3104
2758,2762
2758,2763
2758,2765
2758,2766
2759,2768
2760,2761
2760,2765
2761,2768
2762,2766
2762,3102
2762,3104
2763,2765
2763,2769
2765,2766
2770,2773
2770,2778
2770,2780
2770,2781
2770,2783
2771,2780
2771,2782
2771,2783
2772,2774
2772,2777
2772,2778
2772,2779
2772,2781
2773,2775
2773,2776
2773,2777
2773,2781
2774,2779
2775,2776
2775,2777
2775,2779
2777,2779
2777,2781
2778,2781
2778,2783
2780,2783
2782,2783
2784,2834
2784,2840
2784,2842
2784,2846
2784,2847
2785,2791
2785,2798
2785,2815
2785,2822
2785,2837
2785,2844
2785,2849
2785,2862
2785,2883
2786,2792
2786,2795
2786,2806
2786,2861
2786,2886
2786,2969
2786,2988
2787,2804
2787,2808
2787,2810
2787,2848
2787,2853
2787,2854
2788,2789
2788,2793
2788,2799
2788,2844
2788,2861
2788,2898
2789,2798
2789,2799
2789,2803
2789,2844
2789,2854
2790,2812
2790,2879
2790,2890
2791,2792
2791,2828
2791,2844
2791,2861
2791,2862
2791,2912
2791,2915
2791,2992
2792,2828
2792,2861
2792,2969
2792,2994
2793,2795
2793,2799
2793,2816
2793,2852
2793,2860
2793,2861
2793,2880
2793,2898
2794,2818
2794,2857
2794,2866
2794,2872
2794,2877
2794,2984
2795,2806
2795,2860
2795,2861
2796,2810
2796,2823
2796,2838
2796,2841
2796,2848
2797,2809
2797,2863
2797,2872
2797,2980
2797,2986
2798,2808
2798,2815
2798,2844
2798,2854
2799,2803
2799,2824
2799,2852
2799,2898
2800,2811
2800,2825
2800,2831
2800,2832
2800,2833
2800,2868
2800,2869
2801,2814
2801,2821
2801,2851
2801,2857
2801,2877
2801,2893
2802,2804
2802,2826
2802,2830
2802,2845
2802,2855
2802,2870
2803,2824
2803,2838
2803,2841
2803,2854
2804,2810
2804,2820
2804,2826
2804,2853
2804,2855
2804,2885
2804,2896
2804,2905
2804,2909
2805,2813
2805,2817
2805,2836
2805,2873
2805,2958
2805,2975
2806,2818
2806,2843
2806,2860
2806,2988
2807,2813
2807,2839
2807,2849
2807,2858
2807,2868
2807,2869
2808,2815
2808,2820
2808,2853
2808,2854
2809,2863
2809,2876
2810,2823
2810,2848
2810,2855
2810,2871
2810,2905
2811,2831
2811,2832
2811,2834
2811,2842
2811,2859
2811,2875
2812,2836
2812,2856
2812,2879
2812,2889
2812,2890
2813,2836
2813,2856
2813,2858
2813,2869
2813,2873
2814,2816
2814,2843
2814,2851
2814,2857
2814,2860
2815,2820
2815,2837
2816,2827
2816,2851
2816,2852
2816,2860
2817,2865
2817,2873
2817,2917
2817,2958
2817,2970
2817,2972
2817,2975
2817,2989
2818,2843
2818,2857
2818,2984
2818,2988
2818,3001
2819,2830
2819,2831
2819,2840
2819,2842
2819,2878
2820,2825
2820,2826
2820,2837
2820,2853
2821,2866
2821,2874
2821,2877
2821,2893
2822,2839
2822,2849
2822,2850
2822,2862
2823,2867
2823,2871
2823,2888
2824,2841
2824,2852
2825,2826
2825,2833
2825,2837
2825,2845
2825,2868
2826,2845
2826,2853
2826,2909
2827,2851
2827,2852
2827,2901
2828,2992
2828,2994
2829,2830
2829,2867
2829,2870
2829,2891
2829,2902
2829,2913
2830,2831
2830,2845
2830,2870
2830,2878
2830,2902
2830,2916
2831,2833
2831,2842
2831,2845
2832,2869
2832,2875
2833,2845
2834,2842
2834,2847
2834,2859
2835,2864
2835,2876
2836,2856
2836,2975
2837,2849
2837,2868
2838,2841
2838,2848
2838,2854
2839,2849
2839,2850
2839,2858
2840,2842
2840,2846
2840,2878
2842,2846
2842,2859
2843,2857
2843,2860
2843,2908
2844,2861
2846,2878
2846,2894
2846,2903
2846,2906
2846,2914
2847,2859
2847,2875
2848,2854
2849,2868
2850,2858
2850,2862
2850,2865
2850,2873
2852,2887
2855,2870
2855,2871
2855,2896
2855,2905
2856,2869
2856,2899
2856,2900
2857,2877
2857,2908
2858,2873
2859,2875
2860,2910
2860,2911
2861,2882
2861,2897
2862,2865
2862,2895
2862,2972
2862,2992
2863,2864
2863,2866
2863,2872
2863,2874
2863,2876
2864,2874
2864,2876
2865,2873
2865,2972
2866,2872
2866,2874
2866,2877
2867,2870
2867,2871
2867,2891
2867,2913
2868,2869
2868,2892
2869,2892
2870,2871
2870,2902
2872,2980
2872,2984
2874,2881
2876,2904
2878,2894
2878,2902
2878,2906
2878,2916
2884,2903
2884,2907
2884,2913
2884,2914
2885,2905
2894,2902
2894,2903
2894,2906
2894,2907
2894,2914
2899,2900
2902,2907
2902,2913
2903,2907
2903,2914
2907,2913
2910,2911
2918,2928
2918,2930
2918,2939
2918,2955
2919,2929
2919,2955
2920,2928
2920,2930
2920,2937
2920,2953
2920,2956
2921,2926
2921,2934
2921,2936
2921,2941
2921,2946
2921,2948
2922,2933
2922,2945
2923,2925
2923,2947
2924,2928
2924,2929
2924,2953
2924,2955
2925,2938
2925,2947
2925,2952
2926,2930
2926,2936
2926,2941
2927,2939
2927,2941
2927,2950
2928,2930
2928,2953
2928,2955
2929,2955
2930,2936
2930,2939
2930,2941
2930,2956
2931,2933
2931,2938
2931,2940
2931,2942
2931,2951
2932,2933
2932,2935
2932,2945
2932,2946
2932,2948
2933,2935
2933,2940
2933,2945
2934,2935
2934,2936
2934,2944
2934,2948
2934,2956
2935,2940
2935,2944
2935,2948
2936,2944
2936,2956
2937,2947
2937,2956
2938,2942
2938,2944
2938,2947
2938,2951
2938,2952
2938,2956
2939,2941
2939,2949
2939,2950
2939,2955
2940,2944
2940,2951
2941,2946
2941,2954
2942,2952
2943,2949
2943,2950
2944,2951
2944,2956
2945,2946
2945,2954
2946,2948
2946,2954
2947,2956
2949,2950
2949,2955
2957,2973
2957,2995
2957,2998
2957,3002
2957,3003
2957,3005
2958,2975
2958,2989
2959,2976
2959,2978
2959,2979
2959,2997
2959,3011
2960,2963
2960,2964
2960,2967
2960,2977
2960,2990
2960,3007
2961,2971
2961,2991
2962,2978
2962,2983
2962,2996
2962,3006
2963,2964
2963,2967
2963,2999
2963,3000
2963,3009
2964,2976
2964,2990
2964,3000
2965,2967
2965,2973
2965,2977
2965,2999
2965,3004
2965,3008
2966,2969
2966,2976
2966,2990
2966,2997
2966,3001
2967,2977
2967,2999
2968,2970
2968,2972
2968,2985
2968,2992
2968,2995
2968,2998
2968,3003
2969,2988
2969,2990
2969,2994
2969,3001
2969,3007
2970,2972
2970,2985
2970,2989
2972,2985
2972,2992
2973,2977
2973,2981
2973,3002
2973,3005
2973,3008
2974,2976
2974,2983
2974,2996
2974,3000
2974,3009
2974,3010
2976,2978
2976,2990
2976,2996
2976,2997
2976,3000
2977,3005
2977,3007
2978,2979
2978,2986
2978,2996
2978,3006
2979,2986
2979,3011
2980,2984
2980,2986
2980,3011
2981,2987
2981,3002
2981,3008
2982,2991
2982,3008
2983,2996
2984,2997
2984,3001
2984,3011
2986,3006
2986,3011
2987,2995
2987,3002
2987,3008
2988,3001
2990,3007
2992,2994
2992,2998
2993,2999
2993,3004
2993,3010
2994,2998
2994,3007
2995,3002
2995,3003
2997,3001
2997,3011
2998,3003
2998,3005
2998,3007
2999,3004
2999,3009
2999,3010
3000,3009
3004,3008
3005,3007
3009,3010
3012,3022
3012,3040
3012,3050
3012,3061
3012,3068
3012,3081
3012,3083
3013,3015
3013,3037
3013,3062
3013,3069
3014,3018
3014,3020
3014,3028
3014,3060
3014,3066
3014,3067
3014,3069
3014,3077
3015,3027
3015,3069
3015,3077
3016,3019
3016,3026
3016,3042
3016,3047
3016,3054
3016,3056
3016,3070
3017,3029
3017,3058
3017,3073
3018,3027
3018,3060
3018,3077
3019,3031
3019,3047
3019,3056
3019,3071
3019,3082
3020,3021
3020,3028
3020,3029
3020,3066
3020,3072
3021,3029
3021,3038
3021,3048
3021,3072
3021,3083
3022,3024
3022,3025
3022,3035
3022,3040
3022,3050
3022,3068
3023,3033
3023,3064
3023,3074
3024,3025
3024,3034
3024,3036
3024,3039
3024,3065
3024,3068
3025,3031
3025,3035
3025,3039
3025,3078
3025,3079
3026,3042
3026,3049
3026,3054
3027,3069
3027,3077
3028,3029
3028,3058
3028,3059
3028,3060
3028,3067
3029,3038
3029,3058
3029,3073
3030,3032
3030,3049
3031,3035
3031,3071
3031,3078
3031,3082
3032,3045
3032,3049
3032,3054
3032,3055
3032,3075
3033,3036
3033,3044
3033,3064
3034,3036
3034,3044
3034,3065
3035,3050
3035,3081
3035,3082
3036,3044
3036,3064
3036,3068
3037,3062
3037,3075
3038,3040
3038,3043
3038,3053
3038,3073
3038,3083
3039,3065
3039,3076
3039,3079
3040,3053
3040,3068
3040,3074
3040,3083
3041,3063
3041,3076
3042,3047
3043,3053
3043,3073
3043,3074
3045,3046
3045,3048
3045,3051
3045,3054
3045,3055
3045,3070
3046,3048
3046,3055
3046,3062
3046,3072
3047,3071
3048,3061
3048,3070
3048,3072
3048,3080
3048,3083
3049,3054
3050,3081
3051,3054
3051,3070
3052,3057
3052,3063
3052,3078
3052,3079
3053,3074
3054,3070
3055,3062
3055,3075
3056,3070
3056,3080
3056,3082
3057,3071
3057,3078
3057,3079
3058,3059
3059,3067
3060,3067
3061,3070
3061,3080
3061,3081
3061,3083
3062,3066
3062,3069
3062,3072
3062,3075
3063,3076
3063,3079
3064,3068
3064,3074
3065,3076
3066,3069
3066,3072
3066,3077
3068,3074
3069,3077
3070,3080
3071,3078
3076,3079
3078,3079
3080,3081
3080,3082
3081,3082
3084,3087
3084,3088
3084,3094
3084,3099
3085,3093
3085,3098
3085,3100
3085,3105
3086,3088
3086,3089
3086,3093
3086,3100
3086,3106
3087,3088
3087,3090
3087,3096
3087,3102
3088,3093
3088,3096
3088,3097
3088,3099
3088,3106
3089,3106
3090,3092
3090,3096
3090,3098
3090,3101
3090,3102
3090,3103
3090,3105
3091,3094
3091,3097
3091,3099
3092,3098
3092,3105
3093,3096
3093,3100
3093,3105
3094,3099
3095,3101
3095,3102
3095,3103
3095,3104
3096,3105
3097,3099
3097,3106
3098,3103
3098,3105
3101,3102
3101,3103
3102,3104
