edu,age,gender,income,populationsize,election
-0.7807089,0.7963231,0.6131339,-0.12941544,-1.2808602,-1.1029849
-0.45580637,0.5655914,0.21432297,-0.19292524,-1.4381303,-0.445872
0.92877454,0.42335474,-0.4318292,0.41379604,-1.382396,-0.6456875
-0.12311382,1.1125755,-0.045795865,0.28677642,-1.7134907,-0.91832113
0.38888672,0.711316,0.5760082,0.19353865,-1.3365945,-0.38070604
0.93624973,0.40576655,0.8771938,0.8624185,-1.1246939,-1.2105596
-1.0510623,0.98303217,0.11730837,-0.27535287,-1.9242877,-1.1042433
1.1083057,0.20001087,0.14201947,0.5259516,-0.8995494,-0.48727483
-0.10202533,1.2477161,0.39423123,0.3367735,-1.5727755,-1.0271902
1.3947127,-1.6858398,-0.4079935,0.7651268,-0.5254123,-0.14852804
1.2433856,-1.3663013,-0.33988115,0.289479,-0.42498028,-0.07920895
1.341476,-0.6193738,-0.14727212,0.8556621,-0.38855985,-0.47228712
0.01749514,-0.8156433,-0.06337692,-0.6239811,-1.2036048,0.33938548
0.8418333,0.8733472,0.6516864,0.6826992,-1.5391141,-0.9746232
0.12893723,1.6232529,0.12760155,0.34893495,-1.759844,-0.6576549
1.0543007,1.1929653,0.9583924,1.2515849,-1.6704484,-1.4423251
-0.48679277,2.0743015,0.8423747,0.45838803,-0.34827664,-1.8215269
-0.22901678,1.9043622,0.3255291,0.81782645,-0.3984927,-2.039273
-0.059734963,1.4243146,0.14859647,0.9921406,0.072765514,-1.4457707
-0.49852714,0.11741176,0.65854275,-0.62668365,1.4699854,0.16111204
0.021212343,1.2107502,0.46509522,0.6610789,0.7211594,-1.4565518
0.38165507,1.0253123,0.3022358,0.72053486,0.67922074,-1.1286482
-0.05573765,1.9956404,0.48243374,1.048894,-0.15734534,-1.9372785
-0.48199666,1.2580643,0.9494651,0.06787032,0.08600931,-1.1971502
0.67682254,-0.26720452,-1.0391839,-0.018611109,1.7613487,-0.19262163
-0.74909365,-0.6687314,-0.12808982,-1.1171955,1.7287911,0.8345942
-0.62931645,-0.14545277,0.55681145,-0.9280174,1.3088526,0.82653934
-0.46806845,0.041509125,0.30006933,-0.7753236,0.971136,0.8196245
-0.078998856,0.60201377,0.35425597,-0.3321063,1.3336847,0.50232524
-2.2682543,0.7913239,1.7844754,-1.4185293,-1.3730149,0.0910095
0.48320234,0.13855362,-0.38383406,0.40433714,1.3485839,-0.5002738
-2.2824519,0.13453703,2.7069256,-1.6955401,-1.4839317,0.5256476
-0.69176567,1.4833719,1.5150267,0.031385966,0.3999975,-1.0194488
-0.6157262,-0.29908153,0.41684815,-1.0874676,1.6118044,0.85520804
-0.71360874,0.9359661,0.43986925,-0.09022854,0.48001206,-0.37440056
-0.47150636,-0.24224107,1.2644162,-0.72667783,1.0803972,0.71908635
-0.5812423,0.11620313,0.9526831,-0.74964947,0.9352674,0.8689472
-0.0990902,0.22756954,0.5763516,-0.2483274,1.1731038,0.64281076
-0.10005139,0.04291172,0.45351735,-0.6537091,1.351895,0.77439034
0.12958267,-0.2891109,-0.6146496,-0.16184598,1.7547269,0.31359103
-0.8267888,2.2817566,-0.122300364,0.4786571,-3.3788974,-2.9464386
-0.26032716,1.9000252,0.6330958,0.8637697,1.1433052,-1.8042709
-0.7048291,1.4889041,1.007374,0.16786447,0.75592434,-1.4089459
-0.2127145,1.8901229,0.2685746,0.7543167,0.61631274,-1.9016544
-0.8695882,1.4891208,0.21808866,0.22461791,-1.328869,-2.9250782
-0.18751372,2.228043,0.82838935,0.93808967,0.7023974,-1.794431
0.09487952,0.4758194,0.85840094,0.32190952,1.0726717,0.17251748
-0.218415,1.7572106,1.043097,0.7340476,1.1427534,-1.1337612
-0.41793144,2.5240433,1.384538,0.71918356,0.6919127,-2.2102635
0.5066819,2.0094695,0.49885535,1.18267,-1.3404573,-1.6543413
0.3656071,0.6104863,0.19032016,0.5664898,1.6835415,-0.43599266
0.29243198,2.0117848,0.889688,1.0705144,0.8982951,-1.8604146
-0.028026687,2.1617455,0.51738197,1.2515849,0.3348822,-2.2539573
0.020407036,-0.5944555,0.13756627,-0.7037062,-0.26936573,0.84234047
-0.097145885,0.058239095,0.76705885,-0.42939788,1.70727,0.5660825
0.60884124,0.7848273,0.23472553,0.5273029,1.6173226,-0.79029727
-0.27847177,1.0275662,0.8183771,0.025980877,0.904917,-0.7058895
0.06273934,2.1376765,0.8118609,0.9434948,0.89719146,-1.8791903
-1.3567163,0.7856017,1.9571337,-0.9374763,-1.4861389,-0.62098604
-0.8547069,2.0221093,0.6065175,-0.15914343,0.9948644,-1.7336435
-1.6486636,1.1304986,1.4377265,-1.0172013,1.1604118,-0.9539839
-1.5661271,1.221074,1.3441229,-0.950989,0.7741346,-0.82817024
-1.3961624,0.17320773,-0.124685146,-0.9996348,-0.32951462,0.07938184
-1.5330184,0.21652019,0.47379813,-1.0969265,-0.7395203,0.12782997
-0.76741606,-0.35013354,-1.0690173,-1.1361133,-0.4503642,0.66035324
0.1430846,-0.28350538,0.08614035,-0.30102703,0.2543158,0.21261409
-0.9781852,-0.06533285,-0.4260814,-1.3212377,-0.53368974,0.7456856
-0.11756015,-0.21281289,-0.90504307,-0.70776,-0.3896635,0.42956233
0.85338944,0.048500363,-1.3709341,0.38812187,0.10918594,-0.19714722
0.003252627,-0.58151597,0.08481106,-0.5712815,0.7415769,0.35169226
1.4070683,0.2418914,0.22721939,1.6975048,-0.63081086,-0.7689373
-0.9422473,-0.8898171,-0.17279205,-0.7104625,0.54236823,0.11107248
-1.1821955,0.37233698,-0.33109537,-0.66587055,-0.77042246,-0.14215587
-1.4429288,0.50415874,-0.16657047,-0.86721015,-0.6986853,0.055778515
-0.02021498,-0.797695,-0.92311245,-0.9104508,0.44248798,0.5599767
-0.07896404,-0.46042934,-1.9460068,-0.99693227,0.01813488,0.5195503
-0.2669472,-0.10458795,-1.1173103,-0.76856726,-0.41394377,0.4288152
-0.12608488,0.514344,-0.28975406,0.08813941,-0.7284838,-0.027779818
-0.330126,-0.08835521,0.84538794,-0.6050633,-0.5695583,0.21786182
0.6436799,-0.9321674,-2.2596097,-0.46453097,1.0621871,0.4729819
1.3757956,0.40442386,-0.5944562,1.4069812,-0.56128097,-0.7716848
1.3809525,0.11760416,-0.2027642,1.0556504,-0.33448103,-0.64477646
-0.8152268,0.038627647,-1.0364866,-1.3847474,0.30398002,0.7863932
-1.2093672,-0.63644594,-2.383412,-1.6374353,0.40386027,1.1242051
-1.3188806,0.0027809988,0.4808056,-1.4482572,0.36247343,0.6396343
-1.0193695,0.10807451,-0.2724747,-1.3401555,0.111393236,0.8791897
-0.85610807,0.00900667,0.36788818,-1.1847591,1.5770394,0.66574013
-0.29541793,0.0846743,-0.9083446,-0.3766983,0.6588032,0.16552615
1.3966846,-0.047941666,-0.43382528,1.2448285,0.3332267,0.061587714
0.30562744,-1.0129642,-1.1326407,-0.85639995,2.503001,0.6246968
-1.2150162,-0.26717225,-2.2379925,-1.5320361,0.026964074,1.1013701
0.35610005,-0.21855801,0.2420165,-0.040231466,0.6687361,0.48854464
1.2949593,-0.13301188,-0.2691454,0.9421435,0.28687346,0.1529189
-0.7531213,0.08332242,-0.98190314,-0.9118021,0.27252603,0.78719735
-0.8780865,0.09055356,0.33681378,-0.98882467,0.56333756,0.35190982
-0.19316679,0.35246894,0.9224215,-0.41183135,0.2383129,0.5003729
0.7401827,0.49581698,0.69786173,0.33271968,0.464561,-0.06022199
-0.35301983,0.13419037,-0.6358886,-0.51993316,0.464561,0.1416091
-0.2807287,0.0069355126,-1.3747838,-0.43615425,0.9474075,0.1528593
1.2076205,-0.18940572,-0.58491284,0.5854076,0.801174,-0.15791649
1.6955472,-0.12834892,-0.22960897,0.84755445,0.8574601,-0.4746669
0.28273505,-0.14053346,0.15801702,-0.6712756,0.7454397,0.36791477
1.5321957,-0.11733805,0.024294619,1.4731935,0.42372596,-0.5495911
0.4526181,-0.39067405,-0.6825973,-0.37399572,1.0428731,0.4330879
1.3031832,0.25024667,-0.027262988,0.7421552,1.1775184,-0.6421462
-0.6427025,2.3732588,0.48658645,1.123214,0.08876843,-2.3869653
-1.9230528,1.340181,0.6523838,-0.648304,-0.24508545,-0.7294978
-2.0288875,1.3070993,0.25572467,-0.82532066,0.06448815,-0.55728525
-1.7924397,1.6993513,1.0551503,-0.6131709,-0.16231176,-0.9906878
-1.2601167,0.5594248,0.7059258,-0.5429048,0.6803244,-0.5581237
-0.8343741,0.41570276,0.36560145,-0.28481176,1.4440496,-0.95192003
-1.8339587,1.4759486,0.83524865,-0.46588224,-0.05525779,-1.6595576
-1.4284768,2.1127467,0.6054519,0.100300856,0.12518886,-2.4884233
-1.4712623,1.8657309,0.35161945,0.0638165,-0.17997015,-1.8588636
-1.4701461,1.9302105,1.0330844,-0.15373833,0.34040046,-1.7039002
-1.0430506,2.083949,0.21938393,0.6110818,-0.2804022,-2.2409923
-0.86123616,1.0458114,0.20866972,0.33407098,0.19361511,-1.9856329
-1.3773677,1.3606712,0.3395402,-0.30508083,-0.041462176,-1.3549881
-1.0294148,2.413366,0.85788536,0.40298584,-0.08615997,-2.3484015
-1.932017,1.2239553,1.3125948,-0.76721597,-0.16175994,-1.7444648
-2.245046,1.3632963,1.4876782,-1.3117787,-0.39297444,-0.4379235
-2.210772,0.7191574,0.9941431,-1.333399,0.34315956,-0.39814335
-1.3309783,1.4392157,0.21116441,0.08408558,0.030826846,-1.5262167
-0.8641936,-0.31924814,-1.915828,-0.8239694,-0.4183584,-0.06211646
-1.0746069,1.4060583,0.45024404,-0.17265615,-2.4115489,-1.8900248
-1.154448,0.114077374,0.24727191,-0.8901818,0.2901844,-0.3276232
-1.1706715,-0.40175146,-0.39615008,-0.93612504,-0.25446647,-0.20993324
0.15792358,-1.590999,-0.88966274,-0.67532945,0.9429929,-0.2717028
-0.39787138,-1.0828393,-1.6370524,-0.62668365,0.66321784,-0.6785113
-0.08419456,0.9652568,0.045502033,0.29758662,-0.31406352,-1.2732353
-0.8365025,0.3651888,-0.19637544,-0.2726503,-0.35103577,-0.76887095
0.04504495,2.0757213,0.30348495,1.2840154,-1.1307639,-2.229338
-0.15225154,1.2933028,0.24656387,0.56784105,-0.94369537,-1.8300351
0.6551818,1.8642865,0.82417536,0.9840329,-0.885202,-1.7256945
-0.6142907,0.26498485,-0.25252053,0.107057214,-0.34772483,-0.87965375
-0.41332906,1.1449476,0.3244265,0.5664898,-0.7191028,-1.7812603
0.20645711,2.0013328,0.25315848,1.0961885,-0.28757596,-2.1037462
0.019635852,1.4225157,0.8935865,0.547572,-0.5977014,-1.3605726
-1.1135416,-0.31417158,-0.42113775,-1.0050399,0.15388373,0.5575417
-1.2749029,-0.28199834,0.04814144,-1.1577337,0.348126,0.66262794
-1.1605366,0.5166074,0.05580792,-0.5212844,-0.49451017,-0.27052492
-1.2597296,-0.23456234,-0.7166429,-1.194218,0.09814945,0.738559
-1.1379145,-0.1899839,-0.35686165,-1.0090938,-0.24122268,0.616709
-0.80231476,-0.5020453,0.048112363,-0.8145105,-0.25446647,0.5681033
-0.42392984,1.3406743,0.68014383,0.6354047,-0.70034075,-1.7804734
-0.42569172,0.31743282,-0.48315066,-0.5618226,-0.863129,0.24352902
0.46128598,0.32957152,-0.832101,0.04895251,-0.54693353,-0.256082
0.49702042,1.8332597,0.86398786,0.6327022,-1.2201595,-1.2432327
0.79721355,1.6386667,0.54634875,1.3718481,-1.2505099,-1.2575666
0.8094938,-0.72689563,-0.66626865,-0.23211214,-0.038703054,0.05702793
0.5662501,1.3147361,0.0028618905,0.7029683,-1.221815,-0.816738
-0.054294027,-0.21278043,-1.0388036,-0.6510066,-0.39738905,0.35250327
-0.37264377,1.33429,0.73833954,-0.31453976,-0.7731816,-0.8273159
-0.24948671,2.007531,1.0485193,-0.0078009306,-0.66281664,-1.6387988
0.13416709,1.6189481,0.7563534,0.08408558,-0.16451906,-1.3306631
0.26289,0.7610889,-0.5869467,0.14083903,-0.9188633,-0.3279347
-0.542219,-0.05216024,0.27084723,-0.96450174,-0.4840255,0.3443364
0.38706836,0.52100044,-0.043891437,0.1273263,-1.2135376,-0.05874246
0.30411568,1.900044,0.9856609,0.41649857,-0.9861859,-1.4803773
0.5691729,0.30100507,0.11845736,-0.024016198,-0.875821,0.081742056
-0.1979669,0.6740559,-0.057742886,-0.11725399,-0.7224137,-0.8024768
-0.7239963,0.056748386,-0.023994066,-0.9712581,-1.0005333,0.31985763
0.065800786,0.8156015,0.1047166,0.4205524,-0.8967903,-1.290543
-0.8263335,0.22093868,-0.26698348,-0.8631563,-0.7786998,-0.08350184
-0.53682315,0.20990397,-0.1950624,-0.5726328,-0.5888722,-0.08974659
-0.68376064,0.03518476,-0.25656757,-0.76586473,-0.6589539,-0.028595041
0.4882612,0.11995536,-0.17748557,0.24758954,0.09152755,-0.14943478
-0.58512366,-0.41987422,-2.0984445,-1.1117904,0.8398017,0.49872947
-0.03752915,0.06272235,-0.46371308,-0.44696444,0.9645141,0.23595966
-1.3801994,-0.22242159,0.94924825,-1.8198571,0.73605865,1.1318339
-0.9387983,0.08496347,-0.1573502,-1.0334166,0.16160928,0.41034418
-0.115885615,0.1697754,-0.47742683,-0.62668365,1.0351477,0.4248725
-0.52833736,0.17574441,-0.5923321,-0.4969615,0.056762602,0.13804288
-0.25853276,-0.24229108,-1.088568,-0.7753236,0.72998863,0.47522834
-0.85664624,-0.3889278,-1.4033774,-1.0834137,0.43531427,0.60646
-0.27133763,-0.49202952,-0.55181855,-0.62533236,0.8276616,0.8242178
-1.2339243,-0.38333794,0.22690499,-1.6536506,1.0980556,1.0914931
-0.16708189,-1.0848364,-0.53140116,-1.0644959,1.1620673,0.8217794
0.83861184,-0.57681865,-0.19323441,0.48811603,1.1537899,0.4959375
0.55523074,-0.10872765,-0.20300615,0.10165213,0.21679173,0.3229151
0.2060633,-0.7686154,-0.06618341,-0.67532945,1.8507444,0.92195135
-0.3516462,-0.37253597,-1.9415039,-0.8293745,0.9683768,0.5921599
0.185406,1.039374,-0.45501566,0.3948782,-0.20645773,-0.91667265
-0.35570443,-0.43725276,-0.63082033,-0.78343123,0.7879302,0.74224615
-1.0165603,0.16445947,-0.18866196,-1.1185467,-0.28978324,0.60360706
0.58591855,-0.8948587,-1.2761045,-0.32940376,1.4236321,0.55903864
-0.558671,0.19452238,-0.13165319,-0.5618226,0.84697545,0.028485421
-0.55376834,1.29595,1.2202042,-0.30102703,1.0958483,-0.058215708
0.5358996,1.4109238,0.78368145,0.6313509,1.0472877,-0.5701192
-0.078694746,-0.2709558,-0.3140912,-0.5645251,1.8639882,-0.4436442
0.13858816,0.20052253,0.54691184,0.20705137,1.6780232,-1.4796555
-0.32714018,-0.75176847,-0.05550333,-1.2293512,1.4948175,0.58700174
0.6357652,-0.050768554,0.46748278,-0.041582737,3.0752432,-0.5039086
1.5440046,1.1069628,1.3997413,1.8677651,1.2150425,-1.9916743
0.8945945,0.8901487,0.36911088,0.77863955,1.2426337,-1.5737078
0.81190103,0.24394155,0.8401309,0.25569716,1.3585168,0.5528542
-0.047098704,0.81032145,0.71309674,-0.115902714,1.1995914,-1.75354
0.40230855,0.7111354,0.79751307,0.35839388,1.9279999,-1.0255334
-0.08777272,0.72904915,0.7780277,-0.09157982,1.505854,-0.8586698
0.7424315,1.3214529,0.91688585,0.92998207,0.8613229,-1.243236
0.30385992,1.2138065,0.65646315,0.32461205,1.2084205,-0.91820735
0.33202764,0.48403013,0.49839962,-0.14157689,2.0190508,0.1512879
0.32271075,-0.029802714,-0.026662042,-0.15914343,1.8043911,0.3250015
-0.14208494,1.0260413,0.6705515,0.071924135,1.3000234,-0.2627302
-0.08623554,0.8499986,0.59067065,0.08138304,1.2144907,-0.38879013
-1.0316664,-0.13858214,1.2934799,-1.333399,1.6509838,0.6122824
0.56232774,-0.3089892,-0.121929534,-0.09968745,2.3120697,-1.5916579
0.9631801,0.10746514,0.46423027,0.3759604,1.7282393,0.044946562
-0.05806501,-0.0051991595,-0.19601335,-0.34561902,0.46897557,0.8145287
0.79338133,-1.0656338,-0.2529596,0.08273432,0.904917,0.7252805
0.52782196,-0.80694485,0.29547772,-0.13482054,0.87235934,0.84329134
0.13938953,-0.19469188,0.7712568,-0.31318846,0.44193617,0.9702478
0.6792189,-0.8504528,0.80832,0.35298878,-0.2599847,0.6905987
0.7178829,-0.74299556,-0.026190296,-0.0023958413,0.6676324,0.8209518
1.7463176,-1.4586132,-0.36861864,1.3853608,0.28025156,0.15645511
0.82523984,-1.3806896,-0.562699,-0.029421289,1.6079415,1.0316151
0.39390045,-1.0900123,0.23221447,-0.49425897,1.0561169,1.1763928
-0.04718968,-1.1449262,-0.30936345,-0.9523403,1.4026628,1.2831241
1.0206558,-1.7995869,-0.9234704,0.028683422,1.5323416,0.8547688
0.78956044,-1.6602211,-0.6113646,-0.27129903,2.1244493,0.84045285
0.99733835,-1.3737043,-2.6592355,-0.009152203,1.4269431,0.8625683
0.29408476,-1.0203724,-0.8115942,-0.5996582,0.6146573,0.9978306
0.045570914,-0.4361142,1.4294853,-0.35372666,0.069454566,0.93995553
0.88723665,-0.4207862,0.38209578,0.31515315,0.18975233,0.8048604
1.0309249,-0.917904,-0.1659474,0.32866588,1.0412177,1.0836872
0.7474789,-1.1641229,-1.4079745,0.14759539,-0.97349393,0.604879
1.4302893,-1.396847,-0.4366686,0.76918066,0.7951039,0.44553757
0.31113726,-1.0695128,-1.5716728,-0.5699302,0.88339585,0.8354677
0.51590604,-0.6089448,-1.7842295,-0.22535577,0.77744555,0.83298445
0.7295652,0.38093027,0.9234628,0.4502804,-0.57342106,0.63994426
1.0639223,-1.42551,-2.1000395,0.51919526,1.2304935,0.3888704
1.6271598,0.60161203,0.88762975,2.5852907,-0.5778357,0.23219457
0.84280765,-0.932053,1.1680211,0.25164336,-0.16231176,1.1160911
1.1708771,-0.51513445,0.8782574,1.2705027,-0.098851934,0.8753431
0.7614661,-0.5409716,0.81597286,0.48000836,0.19692604,0.97574145
-0.24197659,-0.71466595,-0.2712162,-1.0036886,0.74654335,1.1966939
0.3719853,-0.9590679,0.12037837,-0.39966992,0.054555304,1.1749547
0.21895295,-0.5172751,0.36644045,-0.17941251,1.0980556,1.1898444
-0.34245682,-0.48311102,-0.6932432,-0.77397233,0.27528515,1.18287
-0.46948874,-0.92358524,0.52306575,-1.248269,0.29349536,1.2571224
-0.04403146,-0.94583756,-0.75670767,-0.68613964,0.6681843,1.120152
-0.71139085,-0.7522004,-0.40514395,-1.149626,-0.34220657,1.1558582
-0.33056712,-0.9936129,-0.44865465,-1.1158442,-0.56735104,1.0632756
-0.8251132,-0.44579673,0.41742936,-1.4036652,0.14671001,1.1036178
-0.59153354,-0.9719014,0.14192952,-1.0969265,0.22838005,0.7340084
0.81373864,-1.664453,-1.6867188,0.15705429,1.6244962,0.8292685
0.60846114,-1.7297816,-0.84689903,-0.103741266,1.5262715,0.7021178
0.2941689,-1.2912327,-0.029165385,-0.31048593,0.51753616,0.51911074
1.2268441,-1.6512114,-1.1543082,0.8299879,0.80062217,0.12727298
1.0473042,-2.1333673,-0.5114613,-0.20103288,1.4004555,0.8730687
-1.2112004,0.27104518,1.609364,-1.0712522,0.25928223,0.8431569
0.5243735,-1.1066905,-0.6069977,-0.27535287,1.5008875,1.2480289
-1.6201677,0.59080374,2.0750089,-1.1334108,0.2024443,0.59691787
-1.2726384,0.43830827,1.5516845,-0.8685614,-0.02877021,0.8211732
0.9734971,-0.13506943,0.12645905,0.7570192,0.52967626,0.49752516
-0.1334907,0.22438553,0.17834938,-0.29832447,1.0704644,0.80263984
0.60400057,-0.09881963,-0.38926533,0.22867173,0.6952237,0.8540313
0.23640488,-0.12841591,0.23281153,-0.018611109,1.0356995,0.8962014
-0.2579678,-0.2917877,-0.054329533,-0.6212786,0.577685,1.0780171
-0.22291298,0.5017309,1.0015117,-0.026718743,0.6963273,0.89896643
0.4780641,-0.2966659,0.3255816,0.4448753,0.84973454,1.0388595
0.63408464,-0.6290122,-0.59519964,0.13813648,0.7619944,1.140126
0.31294626,-0.87382215,-0.71458673,-0.47398987,2.02788,0.9844325
0.8954638,-1.6094168,-0.4939389,-0.15779217,2.241988,1.1615131
-0.051379025,-1.3909888,-0.35862234,-1.0469294,1.1361315,1.194387
-0.7369808,0.5531983,1.5256793,-0.42129025,0.56995946,0.31828427
0.55853724,0.043378904,4.5565135e-5,0.47190073,0.70405287,0.6587168
-0.29833654,-1.323741,-0.29267856,-1.1766515,1.2073169,1.0558307
-0.8796263,0.7982342,0.79939085,-0.5307433,0.00047649327,0.2893403
-1.1696185,1.2784382,0.09851159,-0.11860526,0.059521724,-0.8597142
-0.7189664,0.35592583,0.9727008,-0.29021683,0.03634509,-0.7835353
-0.46866795,0.6307274,-0.24102189,-0.032123834,0.059521724,0.43867585
0.74935,-1.0789745,-0.5315447,0.34758368,0.71012294,0.51866376
-0.2578416,-1.1918149,-0.8557095,-0.77397233,2.219915,0.844994
0.95092106,-1.3399686,-0.26036853,0.4056884,1.7508641,0.5940948
-1.5891289,0.5599671,0.7798297,-0.678032,-1.328869,0.37418061
1.2315727,0.55467796,-0.0100517385,1.336715,0.21458444,0.20173834
-0.6935839,0.21409144,0.12042983,-0.47669244,0.45297265,0.32139
-0.47870058,1.4415559,0.2841472,0.52054656,-0.17390008,-0.46295676
-0.20157649,-0.061313964,0.44997454,-0.17941251,0.39723837,0.74423903
-0.8018576,-1.1022846,-1.14724,-1.2171897,1.1902103,0.9734164
-0.8950312,-0.40308046,-0.72408056,-0.9293687,1.2150425,0.7734703
-0.6854289,-0.862404,-1.00109,-1.0239577,1.8661954,0.93377763
-0.40916908,-1.1646369,-1.0275992,-0.6510066,1.9048232,0.7563138
-1.1672766,0.07414066,1.0535817,-1.0442268,0.4916004,0.6660768
-0.71723664,1.8886114,1.4996052,0.21786155,-0.9282443,-1.4585822
-1.3209223,1.4782604,0.4955946,0.20434882,-1.0634413,-1.6202523
-1.2707607,1.4587456,1.4786764,-0.50506914,-0.8686472,-1.2271328
-0.602384,1.6025878,1.0145857,0.2638048,-0.75662684,-1.7020445
-0.648911,1.9707819,0.25821322,0.6408098,-1.0364019,-2.0682688
-1.4980816,0.97554815,0.5413908,-0.5901993,-0.94314355,-0.81060195
-1.6669545,0.14648654,1.2743089,-1.2617817,-1.162218,0.036948346
-1.149802,0.2677251,0.5056795,-0.82532066,-0.6992371,-0.034613665
-1.2197422,0.5195595,0.82818127,-0.77802616,-0.7224137,-0.17470746
-0.74390376,-0.3561952,0.5960889,-0.96855557,-0.9773567,0.5134695
-1.2710704,1.1558299,0.17401162,-0.03617765,-0.9718385,-1.4340874
-1.5524384,1.4667718,0.4873778,-0.40642628,-0.94479907,-0.9919393
-1.2337813,1.5140129,0.34345016,0.14489284,-0.9552837,-2.0761476
-1.18797,1.3613117,0.73037034,-0.092931084,-0.9034122,-1.4113275
-0.9038783,1.5291862,0.5343764,0.12462376,-0.8217422,-1.2168483
-1.3155081,0.99098897,0.41962388,-0.10238999,-1.0137771,-1.1707095
-1.2352437,2.0909412,0.53592956,0.2057001,-0.96742386,-1.569979
-1.4279435,1.2094946,0.6797672,-0.28886557,-1.1528369,-0.9938753
-1.2831553,1.5904559,0.5160891,-0.14427944,-1.1103464,-1.6067238
-1.527973,0.94375974,1.0673454,-0.6510066,-1.0121217,-0.9238293
-1.1761967,1.2248635,0.6476873,-0.49155644,-0.85981804,-0.53081566
-0.7940992,0.6882614,1.2033986,-0.39426482,0.099253096,-0.23263782
0.37650847,0.947659,0.16158964,0.8934977,0.25266033,-0.32551223
-0.14835003,1.3206611,0.9501718,0.5813538,0.49325585,-1.0875181
-0.21630296,1.4554629,0.36905548,0.5773,0.17154212,-1.011927
-1.4694738,-0.20687896,1.2608256,-1.4577161,1.1929694,0.9861778
-0.33922148,0.33209074,0.25571957,-0.1753587,0.98382795,0.50597763
-1.701343,-0.3925823,1.3151656,-1.7914804,1.2023505,1.1225966
-1.5290432,-0.0774893,1.5928397,-1.5077132,0.69687915,0.979661
0.14492583,1.5971209,-0.057258695,0.9043079,-0.010559998,-1.0710468
-1.471893,0.44385377,0.67208505,-1.144221,0.17099029,0.7374649
-1.3850347,-0.41678366,0.84857357,-1.446906,0.54236823,0.9860328
-1.7355039,0.0327164,1.0104051,-1.3266428,0.62072736,0.69184
0.048526477,-0.31321895,-0.26131624,-0.40102118,0.6450076,0.79391783
0.23092404,0.766576,-0.18462215,0.47054946,0.43255514,-0.07159932
0.2769584,0.499964,0.801948,0.304343,0.6786689,-0.19198704
-1.411979,-0.056987833,1.0819693,-1.3063736,0.79124117,0.8800656
-0.4079594,1.3695232,0.4895697,0.3421786,0.47228652,-0.34552
-0.30493462,1.0248395,0.8220464,0.4097422,0.7581317,-0.6528786
-1.0276703,-0.032971717,1.1676778,-0.811808,0.14615819,0.52102804
-1.7397289,0.3270793,1.4215988,-1.392855,0.01923853,0.55637485
-1.278033,-0.3169464,1.5751257,-1.2198923,0.7051565,0.7688409
-0.6567999,-0.91121715,0.072533734,-1.1117904,0.11801513,1.1002779
-0.08298653,-1.0482501,-2.205202,-0.6023607,0.50649965,1.1284404
-1.0392714,-0.56669134,0.13438618,-1.0807111,-0.3179263,1.0502263
-1.4220519,0.6911426,0.98279685,-0.678032,-0.818983,-0.075005375
-0.9318193,2.017314,0.94686985,0.0016579756,-1.0766851,-1.3551493
-0.5315364,-1.1710675,-0.65818626,-1.1239519,-0.2506037,1.1044773
-0.8712098,-0.60799694,-0.7443229,-1.0563883,0.7548207,1.1347847
-0.49986187,-0.73747224,-0.00377017,-0.7415418,-0.019389192,1.2124537
0.039194837,-1.2689285,-1.3852336,-0.39426482,0.75316525,1.0733757
-0.29168218,-0.57542974,-1.0849584,-0.43074918,-0.22521977,0.94199663
-0.33944997,-0.63178676,-0.20360225,-0.56722766,-0.09774829,1.102876
-0.12730353,-0.6974784,-0.16553481,-0.5915506,0.29570267,1.0868602
-0.42073855,-0.20577635,-0.021047054,-0.55912006,-0.12644316,1.0137652
-0.50987846,-0.41635123,-0.4098685,-0.38210335,0.09870127,0.9097679
-0.6388808,0.6190968,0.8522841,0.030034695,-0.9757012,0.1600824
-0.42560294,-1.0604969,-2.0859447,-0.8874792,0.18313043,1.0594641
-1.3621119,1.1007845,0.84506816,-0.55371493,-0.7880809,-0.31438205
-1.0078303,1.4074218,0.43605927,-0.092931084,-0.99667054,-1.1187994
-1.1938388,1.1989207,1.048454,-0.42669535,-0.9116896,-0.5164401
0.37159154,-0.95770895,-2.18009,-0.07671582,0.15057278,0.9703148
0.46091163,1.2013239,0.70998955,0.95971006,-0.6495729,0.071161315
-0.00798456,0.2592501,-1.4058732,-0.13211799,-0.19597307,0.48771665
-0.19513358,-0.2057072,-0.24881229,-0.5023666,0.97665423,0.60505605
0.021145653,0.22896412,0.21703246,0.23948191,-0.6501247,0.032309312
-0.8923895,0.6774005,0.45340136,-0.23076086,-0.284265,-0.6513768
-0.35797447,-0.5333823,-0.9955181,-0.73613673,-0.33061826,0.74060065
-0.41809347,0.42228743,0.52317643,-0.26454267,0.3398486,0.10352554
-0.57814693,0.75328916,0.4824495,0.0070630647,-0.64405465,-0.7888416
-1.5825332,0.9126923,1.4535259,-1.0469294,-0.32620367,-0.38216725
-0.5107174,-0.8529851,-0.6440199,-1.4550136,0.62348646,1.0865924
-0.29403687,-0.90700716,-1.4363298,-1.2212435,0.093183026,0.98947734
-0.5601445,0.25723395,-0.46958217,-0.49155644,-0.12644316,0.52578604
0.024512516,-0.5251208,-1.177412,-0.5901993,0.10421952,0.8657574
-0.3377886,-0.37075058,-1.047402,-0.64695275,0.4965668,0.6668334
0.7129099,1.0316708,1.1430087,0.7962061,-0.20645773,-0.21123932
-0.14376843,0.9765339,0.22173758,0.29488406,-0.16783,-0.06761131
0.65944034,0.23975335,-0.011732861,0.8299879,-0.5419671,-0.38402277
-0.11565764,0.8202599,-0.15247104,0.047601234,-0.27267668,-0.2358936
-0.9140857,1.1565262,0.911364,-0.48344877,-0.25336283,-0.2727902
-0.5580116,0.08565336,0.8039557,-0.3469703,0.08600931,0.4061702
0.2847865,2.1121488,0.35541204,1.2853667,-0.9850822,-1.5921509
-0.07541081,1.4796302,0.39682207,0.67594284,-1.5435287,-1.182165
0.17526543,2.0368118,0.47285935,0.93944097,-1.2262295,-1.5479168
-0.80468166,0.9792043,0.8927304,-0.49561024,-1.2063639,-0.9870883
-1.6151184,0.16452494,1.1208923,-1.1117904,-0.8382969,0.12007034
-1.2356972,-0.15297607,0.8805423,-0.9374763,-0.93817717,-0.0068425364
0.298559,1.2612338,0.38704866,0.6745916,-1.1975347,-1.3667132
-0.62110263,1.6112953,-0.042843223,0.45568547,-1.0121217,-1.3392608
-0.35974306,0.59653795,0.46158794,0.18137719,-0.68433785,-0.9521843
0.3136116,0.9385489,0.028119415,0.1611081,-1.1864982,-0.5729724
0.21425132,0.60737246,0.116215914,0.31650442,-0.9707348,-0.6331169
-0.4343558,0.034519255,0.056272488,-0.4875026,-0.8156721,0.016066954
-0.045824785,0.90218145,0.19144991,0.3962295,-1.2869303,-0.7070616
-0.86441517,1.3472569,0.73226297,-0.16319725,-1.2174004,-0.6775802
-0.99567175,1.2024338,0.091355756,-0.0078009306,-1.1097946,-0.8584925
-1.0465899,0.66017777,0.28346798,-0.33480883,-1.26872,-0.6096168
-0.3730964,1.3806169,0.8909036,-0.17670996,-1.1655289,-0.78941524
-0.37994906,0.654647,0.37731168,-0.075364545,-1.0601304,-0.56110585
-0.81055266,1.0108241,-0.035424132,0.0030092478,-1.2775493,-0.43500492
0.7100739,1.4716514,0.7165865,1.0110584,-1.316177,-1.1206682
1.5277945,0.86102945,0.80466783,1.5312983,-1.1026208,-0.8492348
1.2351946,0.9002111,0.4237561,1.0124097,-1.2505099,-0.7886576
-0.5528598,0.9331088,-0.11131463,-0.31318846,-1.2350588,-0.7116307
1.9011973,0.33562058,-0.27737725,1.6326437,-0.9453509,-0.68220425
0.62392026,1.3579311,-0.53211147,0.7570192,-1.1131055,-1.2743717
1.4410924,0.5308215,0.46916452,1.5664313,-0.94038445,-1.3964405
1.7164888,0.8514952,0.012035892,1.738043,-0.69095975,-1.4721283
1.7448282,1.0797856,0.6648557,2.2731469,-1.3305244,-2.0079396
1.3751513,0.37503695,0.6806386,1.4637346,-0.87747645,-1.425803
-0.0727275,1.2952952,0.84447217,0.023278333,-1.555117,-1.0917815
1.1111615,0.86148876,0.53432536,1.2894205,-1.3327317,-0.740076
0.5966578,0.53432065,0.4360268,0.77999085,-1.18705,-0.5342446
0.012394254,1.1425925,0.077427484,0.4002833,-1.4044689,-0.7952966
1.5627433,0.004522398,0.09036143,1.6366975,-1.2168486,-0.9640756
1.7744217,0.1317421,-0.14066982,1.838037,-0.90948224,-0.5611513
1.853399,0.5873298,0.19792967,1.8137141,-0.7306911,-1.4570814
1.4657844,1.1179973,0.60678273,2.1866653,-1.2146412,-2.058839
-0.07188715,1.1618196,-0.36152023,0.41244477,-1.5518061,-0.25228515
-1.1865748,0.13542305,1.0377339,-1.2617817,-0.9459027,0.72907275
1.7615707,1.9356477,0.20777488,3.0987742,-1.9237359,-2.5027277
1.6372299,-0.48241374,0.25504535,1.5488648,-0.86643994,-0.40590286
-0.8968832,1.0473721,-0.07628289,-0.072662,-1.6914177,-0.4640956
0.4565896,0.68277013,0.26352608,0.66243017,-1.4132981,-0.34967273
1.2680955,0.6602912,0.77102685,1.361038,-1.3691522,-0.7272076
1.7177218,-0.58689857,0.08760458,1.4380604,-1.4083318,-0.32669812
-1.1311044,0.54376954,0.21618316,-0.9104508,-1.2709274,0.19578809
-1.0194026,0.4649602,0.03413188,-0.9374763,-1.432612,0.38092688
0.9904174,0.762072,-0.2332946,0.95025116,-1.5153856,-0.16854538
1.3395784,-0.99694765,0.08721033,0.8245828,-0.89347935,0.18511131
-0.85288036,-0.20181419,-0.15031853,-1.1361133,-1.0126735,0.9706839
-0.9884778,0.36081588,0.7268062,-0.9901759,-1.5280776,0.88447106
-0.10236333,-0.25169384,-1.6136041,-0.49831277,-1.3145216,0.98490614
-0.61137676,0.20287392,0.4762865,-0.66451925,-1.4602032,0.7168333
1.9967421,0.07067981,0.102841504,1.6502103,-1.4044689,-1.0083508
1.5469822,-0.82435787,-0.2517437,1.0961885,-1.1991901,-0.07401722
-0.24924985,-0.8467008,-0.029078646,-0.79829526,-1.2334033,0.8575827
0.6013296,-1.1362363,-1.2965574,-0.06590564,-0.6446065,0.7831229
-0.23847331,-0.98271585,2.0469913,-1.209082,1.4644672,0.15666199
2.107589,-0.7669785,0.41490623,2.1772065,1.2365636,-0.9990568
1.1373335,-0.577142,-2.2286549,1.6421026,1.0991592,-0.4177526
0.6436307,-0.5568618,0.7977731,0.14759539,1.5483445,-0.26346204
0.79103905,0.13891046,1.4824747,0.5421669,0.9203681,-0.64896387
1.8057059,-0.7137401,0.7106015,1.316446,1.4744,-0.6432272
0.616637,-0.9814931,0.5350316,-0.17670996,1.1261986,0.9386783
0.5598677,-1.1187168,0.3147859,-0.44155934,1.5560701,0.93839467
1.424399,-0.8684043,0.5538314,1.2015878,1.5549663,-0.22878072
1.1474985,-1.4952499,1.1031051,0.68810433,1.4826773,0.21918935
1.6964211,-0.7552383,0.55426043,1.5569724,1.0726717,0.17363651
0.353001,-0.16170682,0.6173959,-0.13887435,0.86077106,1.02146
1.6045836,-1.2615345,0.23549886,0.96511513,1.1245432,0.53582513
1.9916018,-1.2220069,-0.08523971,1.9123571,1.1631709,-0.1561918
1.7251313,-1.5428995,-0.441429,1.2596925,1.3463767,-0.40319037
2.085628,-1.2342956,0.005517917,2.235311,0.97058415,-0.4868251
0.17241383,-0.9530879,1.4584532,-0.57803786,1.0798454,0.51163274
1.1723857,-0.709196,-0.3315655,0.7367501,2.1332786,-0.2964667
0.9787407,-1.2951175,0.005581664,0.042196143,1.9787676,0.11304756
1.5196459,-1.3958923,0.16645457,1.505624,1.1206805,-0.2726269
1.4166492,0.6165142,1.0162559,1.9001956,-2.310013,-1.5342578
1.5089942,-1.2757621,0.48967838,1.4826524,-0.5314824,-1.1637248
0.8133406,-0.95130694,0.86727357,0.66243017,0.05014071,-0.50041354
1.4482852,-0.36940914,0.16776899,2.2231498,-0.8156721,-1.7132324
0.7646009,-0.97394043,0.4878424,0.38677058,-0.46250436,-0.3892876
1.3588375,0.049621057,-0.67956215,0.8435006,-0.8123611,-0.28116098
0.67396027,-0.6535893,-0.6554136,0.031385966,-0.2103205,0.40410396
1.422728,-0.81907666,0.23028712,0.5516258,0.18754503,-0.15813284
0.7216186,-1.0182723,-0.5845006,-0.11049762,0.7228149,0.60094583
-0.4545201,-0.51586765,1.143166,-1.0009861,-0.10050741,0.7980727
0.7610555,-1.16582,-0.41843367,-0.38345465,0.008753862,0.71093845
-0.56138813,-0.56312484,1.0879803,-1.1320595,-1.7035578,0.7925984
1.5348451,-1.3928752,1.0048112,1.1718599,-0.54582983,-0.9577588
1.16653,-1.4553971,-0.31727335,0.3705553,-0.23680808,0.124793075
1.2143483,-1.6475995,-0.7277355,0.03273724,-0.11430302,0.2566596
1.4986312,-1.1152937,0.26211056,0.6354047,-0.28095406,0.05766819
1.8193703,0.13309252,0.30435574,2.0947788,-1.2946558,-1.165103
0.89847714,0.7533332,0.9241997,1.9137083,-1.756533,-1.4888002
-0.4942785,-0.12978774,0.090602085,-1.2388101,-1.72839,0.88884544
2.0477505,-0.43002015,-0.7341227,2.0650508,-1.3426646,-1.8975071
1.6624084,0.31791064,1.2948723,2.1245067,-1.8050936,-1.7438045
1.5171813,1.5070244,-0.57557786,2.8825705,-2.1704016,-2.4671931
1.7987962,-0.0138429925,-0.5989346,3.385244,-1.4668251,-2.6263251
1.9060969,-0.09849216,-0.78138304,2.0839686,-1.0220544,-1.870755
1.964954,-0.26049164,-0.14448583,2.2217984,-2.002095,-1.0840876
-0.07141121,0.23599415,1.4913378,-0.34832156,-1.5573243,0.67270094
0.8505363,-0.24874933,0.25369775,0.58000255,-1.73446,0.26937446
1.497091,-0.9603783,-1.8906965,0.6529712,-1.2207114,-0.96382624
2.1918766,-1.1228673,-1.9258698,3.0460746,-1.3492864,-2.8091245
2.261936,-0.8028982,-1.2791879,3.292006,-1.020399,-2.13797
2.1069212,0.1884512,0.25858918,3.544694,-1.8630352,-2.4395206
1.1227432,-0.51005393,-3.6256168,1.7907425,-0.28978324,-0.58124423
1.9161962,-1.3225925,-1.7132165,1.3542815,0.7520616,-0.6130875
1.6494869,-0.23556226,-2.3580813,6.6296487,-1.155596,-3.314601
1.3820875,-0.9440849,-3.251354,1.0286249,0.30508366,-0.7830988
-0.0038645603,0.3077388,0.54651904,0.03543978,-1.4695842,0.13511713
1.1371125,0.06874372,-0.8056395,0.9840329,-0.97404575,-0.29571405
1.4530625,-0.58270246,-4.469541,2.1218042,-0.29640514,-0.46398008
0.09730865,-0.7281838,0.34241796,-0.57668656,-0.3648314,0.8065936
1.7142048,-0.8932657,-2.2012742,1.6353462,0.22562093,-0.83589447
1.0979942,0.53011775,0.16250458,0.97862786,-0.0800899,-0.7052101
1.4516908,0.34794384,1.0230181,1.7475019,-0.602116,-1.5920811
2.0069265,-0.7026864,-1.8870536,2.5812368,-0.4481569,-1.2997732
-0.65522397,-0.3208954,1.2500023,-0.9469352,-0.3874562,1.0113603
1.8231702,-0.83432907,-1.079,1.4448168,-0.6495729,-0.37461835
1.5324402,-0.42940375,-1.0054305,1.4840037,-1.0540603,-0.8954438
1.1899363,0.18901947,-0.4534728,1.0907835,-1.6384425,-0.6440624
-0.31406888,-0.38992584,0.43703285,-0.9293687,-0.2776431,0.8631021
1.3436718,-0.26056993,-0.51700383,1.2840154,-0.85981804,-0.53878134
1.0064508,-0.5678231,0.6673596,0.8637697,-1.0993099,0.097732745
-1.1140497,-0.009842696,0.54207045,-1.7536448,-0.80739474,0.9599851
1.676802,-0.22993483,1.3196138,1.4961652,0.22617276,0.040777348
1.1296473,0.97058576,1.5405264,1.1583471,-0.781459,0.75753564
0.34787142,-0.29552603,0.66208076,-0.6131709,-0.23349714,0.8519675
1.4526156,-1.8867664,-1.7745525,0.14489284,-0.07236435,0.62080544
0.8623974,-0.9381305,-2.3629827,0.123272486,0.5434719,0.8074401
-0.5481517,-1.0182836,0.6399852,-1.1847591,0.32936394,1.187427
1.1763064,-0.33151612,-0.5440413,0.88809264,0.15222825,0.6001373
0.8354979,-0.9889703,0.23663427,-0.028070016,-0.21583875,1.0804135
0.7822766,-2.0828147,-0.25972465,-0.861805,-0.12975411,1.0241888
1.5249498,-0.6726379,-0.44701838,1.0178148,-0.22466794,0.354554
1.9626489,0.26043746,0.5411243,2.8433838,-0.28371316,-0.8601987
0.38769802,0.21472825,0.6185459,0.09759831,-0.7693188,0.887973
2.1114757,0.86285865,0.12721848,3.1852555,-0.5723174,-0.22999398
1.064874,-0.7469728,0.4810833,0.2651561,0.4827712,1.1435778
1.590206,-1.206392,0.5373002,0.94889987,0.10477134,0.43559527
1.7441021,-0.07349139,0.68438846,1.8123629,0.08545748,-0.103745505
0.23603433,-0.3747468,1.1841111,-0.4780437,-0.2704694,0.9761746
0.19837351,-1.2433258,-1.2252336,-0.67668074,0.53574634,0.969953
0.85044247,-2.1259186,-1.733891,0.54892325,3.0586884,0.22619617
-0.18067533,-1.6297727,-1.9851483,-0.39291355,0.66983974,1.2703063
1.2620714,-1.4090587,-3.1585937,1.5542699,0.21568808,0.15402296
-0.25726396,-1.476365,-1.5592138,-0.40642628,1.0406659,0.22181469
-0.06847164,-1.5705594,-0.30561706,-0.41048008,0.37626904,1.2065536
-0.8456856,-1.1273555,-0.62233734,-0.85639995,0.9832761,1.2424916
0.19284433,-1.2973028,0.028370613,0.23407681,0.03358597,0.9427982
0.06653157,-1.586673,-0.19588967,-0.33345756,0.9744469,1.0654887
0.48992515,-2.3251123,-3.0410178,-0.22535577,1.1013665,1.1054034
0.45389292,-2.2614834,-2.5102446,0.08678813,-0.80684286,1.1583163
0.18427792,-1.5938301,-1.6176127,-0.20373541,0.2896326,1.1323808
0.76448596,-1.2526282,-1.2174416,0.5516258,-0.14410155,0.83116895
-0.059865005,-1.152711,-1.541045,-0.4631797,0.75095797,1.0507686
0.9079785,-0.82079583,0.017659707,0.93538713,-0.20811321,0.8580566
0.28662032,-1.3510257,0.2687041,-0.51858187,1.1891067,1.0583739
1.230687,-0.51808923,0.14319381,1.1542933,-0.3968372,0.97918606
1.1893805,-1.4442477,-0.95848495,0.6124331,1.2685695,1.0455687
0.41354412,-0.8646053,0.5066888,-0.15914343,0.2962545,1.3023101
0.6025131,-1.6881005,-1.1952857,-0.009152203,1.272984,0.81873393
0.7257905,-0.7504443,-0.6158209,0.621892,-0.17721103,0.6985865
0.3858773,-0.62294847,1.2403886,0.17867465,-0.23791173,0.81052864
0.75504345,-0.92154014,0.16099577,0.77053195,-0.00062715594,0.7428901
0.56732583,-0.7074822,0.48673072,0.215159,-0.021044666,1.1674984
0.5473525,-0.6016746,0.6694262,0.02733215,-0.10823295,1.1075324
0.07971884,-1.0283839,-0.16680814,-0.76316214,0.6979828,1.2477406
0.2623146,-0.4068415,1.0361823,-0.024016198,-0.504443,1.1857369
0.52204144,-1.0199757,0.8828319,0.0043605203,0.07166187,1.1233128
0.5505011,-1.8592334,-1.9601979,-0.43074918,0.67701346,1.2095637
0.94870037,-1.5746121,-0.7647845,0.10840849,-0.5011321,1.2117954
0.71352965,-1.4313136,-0.89736396,-0.028070016,0.56995946,0.99411887
0.65811664,-1.5293967,-0.7250256,-0.14022562,1.0290775,1.2744358
0.16902453,-1.1141051,-0.6254264,-0.4820975,0.0026837916,1.3825932
0.18879253,-1.0532997,-0.27459127,-0.5618226,0.3415041,1.3874027
-0.42658937,-1.3055534,0.0019418446,-0.15373833,-0.50278753,1.3130738
-0.72613835,-0.28257018,1.0902476,-0.9861221,-1.2306442,1.3233626
0.11729702,-0.8695106,0.7387122,-0.25913757,0.034689616,1.2161455
0.16888075,-1.0249256,0.07631228,-0.5415535,-0.086711794,1.3318735
0.9261011,-0.9942608,0.22542554,0.835393,-0.27102122,1.3452828
-1.6317831,-0.6556273,-0.166784,-0.7699185,-1.2598909,0.87085986
1.9556508,-0.1527625,-0.2878427,1.9515439,-0.2704694,0.270874
0.8065302,-1.3787959,-1.3068984,-0.28616303,0.5252617,1.1418055
1.4486272,0.2772768,0.89048195,1.4434656,-0.34772483,0.57657737
0.07001001,-0.6180412,-0.01966782,-0.63749385,0.3977902,0.977533
2.0098555,-0.3884874,-0.6277293,1.7299353,0.04958888,0.7852437
1.5018843,-0.8647152,-0.3590216,0.7448577,-0.2997161,1.1942104
1.664836,0.45566872,0.48349622,1.9785694,-0.8554035,0.6971811
0.89373523,-0.6428251,0.08383118,0.13408266,-0.031529333,1.1536679
1.5150987,0.3097282,0.37492344,1.6461564,-0.6716459,0.6763064
-0.28074822,-0.94466424,0.24753492,-1.1685438,0.42758873,1.139886
-0.29485774,-0.8686014,-0.33778462,-0.980717,0.6819799,1.0622271
-0.16627789,-0.99681395,-1.5669994,-0.9199098,0.81662506,1.195746
-0.79463774,-0.8500103,-0.37280995,-0.7793774,0.5992062,1.0306497
-0.6331243,-0.75670207,-0.14709419,-1.3982601,0.6041726,1.252521
-0.65495545,-0.55797535,-0.7183379,-1.1023315,0.13512169,1.1619557
-1.0987861,-0.8656775,-0.23773922,-1.6117612,0.5031887,1.1635627
-1.5538551,-0.18769825,1.7013402,-1.6563531,-0.49340653,1.1910012
-0.749038,-0.61581516,-0.42766002,-1.2063795,0.35143694,1.2424961
-1.5957249,-0.41648072,-0.0077551687,-1.9157975,-0.048635896,1.3121356
0.54532677,-2.0779095,-1.66314,-0.092931084,-1.0700632,0.63647044
-1.180467,-0.77022856,-0.7222047,-1.3996115,0.43641794,0.9643428
-0.5258322,-1.5839947,0.88601696,-0.6983011,0.6560441,0.7739025
-1.1163983,-0.66060144,-0.080416106,-1.0590909,0.30563548,1.0731922
0.4808146,-2.042053,-1.8415334,-0.4631797,2.503001,0.90688723
-0.49531505,-1.384229,-1.1085882,-0.86450756,1.1261986,0.767943
-1.1036673,-0.93796146,0.19598822,-1.0036886,-0.20921685,0.7676167
-0.8477461,-0.9749801,-0.67575735,-1.0158501,0.90381336,0.9741363
-0.5627532,-1.0711869,-1.4929794,-0.9401788,0.88670677,0.91298634
-0.8492397,-1.0312786,-1.4338431,-1.1523286,0.6852908,1.1007944
-0.15205489,-1.5988115,-2.3512719,-0.63749385,1.898753,1.111011
-0.7249932,-0.9756328,-2.272721,-1.0320654,0.76640904,1.0960413
-0.3304917,-1.2382518,-3.917744,-0.9307199,0.9672732,1.0784559
-0.59472346,-1.33459,-3.7989354,-1.1063854,0.7459915,1.1656774
-0.494396,-1.6304,-4.321368,-1.0401729,0.96892864,1.0919654
-0.4528981,-1.1569167,-3.2291784,-0.93612504,0.16050562,1.162548
-0.54462063,-1.1309752,-2.6674318,-0.9374763,0.2747333,1.0180651
-0.1633465,-1.1746427,-1.2644149,-0.67532945,1.219457,1.0782869
-0.5422378,-1.1254722,-2.8045166,-1.0388217,0.6279011,1.216124
-1.0484403,-1.0863004,-1.6266142,-1.288807,0.7548207,1.2299606
-1.0941972,-0.9984866,-0.25942072,-1.3225889,-1.0673041,1.0745
-1.1390153,-0.7022744,0.47604975,-0.9036945,-1.6428572,0.9410731
-1.6860572,0.18996817,1.1019902,-0.7807287,-1.3851551,0.68594366
-1.8025569,0.2641366,0.6448582,-0.98747337,-1.3156252,0.41147846
-0.08289066,-1.715229,-2.6379662,-0.722624,-0.4349131,1.02016
-0.94589305,0.20440546,-0.18237771,0.1759721,-0.95031726,0.7536264
-1.6275165,-0.06601049,0.41847435,-0.86450756,-1.1120019,0.8189122
-1.7521042,0.24942045,1.4458405,-0.8131592,-1.2471989,0.5589667
-1.9983276,0.19327445,1.1016539,-1.0455781,-1.6334761,0.5592695
-1.5211104,-0.15627216,0.4258482,-0.84694105,-1.0540603,0.7083152
-1.897873,0.17176437,1.3457499,-0.9185585,-1.5766382,0.41132763
-1.8794117,0.46571025,1.6820911,-0.8199156,-1.7195607,0.62032926
-1.9108237,0.5213421,1.8754693,-1.0712522,-1.4044689,0.5459581
-1.189038,0.30007932,0.88516295,-0.2821092,-1.3266617,0.2753449
-1.7057055,0.9658025,0.5565818,-0.25238124,-1.2543726,-0.08871846
-1.6269577,1.0159924,1.4281105,-0.722624,-1.5954002,0.3684688
-1.9530829,0.33040074,1.7670021,-1.0009861,-1.7741914,0.42861715
