id_1,id_2
0,6
1,3
1,6
1,7
2,3
2,4
2,7
2,9
2,10
2,14
3,4
3,7
3,8
3,14
4,5
4,10
4,12
4,13
4,14
4,409
4,410
5,11
5,12
5,13
5,15
5,391
5,394
5,406
5,410
5,424
7,9
8,14
8,374
8,375
8,409
9,10
9,386
10,11
10,12
10,386
10,388
11,12
11,15
11,388
11,391
12,13
14,409
15,388
15,391
16,18
16,20
17,22
17,23
17,24
17,30
18,20
18,21
18,368
19,21
19,24
19,25
19,30
19,370
19,385
20,21
20,22
21,22
21,30
21,368
21,370
22,30
23,24
23,29
23,31
23,32
23,34
23,41
23,45
24,25
24,30
24,33
24,34
24,39
25,26
25,33
25,385
26,27
26,28
26,33
26,385
26,405
26,417
27,28
27,33
27,36
28,36
28,37
28,208
28,211
28,417
28,419
29,31
29,40
29,41
29,44
31,41
32,34
32,45
32,47
33,35
33,36
33,38
33,39
34,35
34,39
34,47
35,38
35,39
35,46
35,47
36,37
36,38
37,38
37,53
37,211
37,222
38,46
38,53
40,41
40,42
40,43
40,44
40,48
41,42
41,45
41,49
41,50
42,48
42,50
42,51
42,52
43,48
43,59
43,61
45,47
45,49
46,47
46,53
46,54
46,55
47,49
47,55
48,52
48,59
49,50
49,55
50,51
50,55
50,56
50,250
50,252
51,52
51,56
51,57
52,57
52,59
52,60
52,61
53,54
53,222
53,229
53,255
54,55
54,250
54,255
55,250
55,252
56,57
56,252
56,265
57,58
57,60
57,265
57,269
57,285
58,265
58,268
58,269
59,61
60,61
60,285
60,287
61,287
62,71
62,73
62,123
63,71
63,72
63,386
63,389
63,396
63,398
64,66
64,73
64,74
64,75
64,76
64,123
65,68
65,69
65,77
65,78
65,392
65,393
66,67
66,76
66,83
66,123
66,138
66,139
66,141
67,68
67,75
67,76
67,79
67,82
67,83
68,69
68,77
68,79
68,82
68,91
69,80
69,81
69,88
69,91
69,99
69,393
70,80
70,81
70,102
70,393
70,395
70,403
70,449
70,452
71,72
71,73
72,73
72,74
72,389
73,74
73,123
74,75
74,77
74,79
74,389
75,76
75,79
77,78
77,79
77,389
77,399
77,401
78,392
78,401
80,81
80,393
80,395
81,99
81,101
81,102
82,83
82,85
82,90
82,91
82,95
83,90
83,141
84,86
84,94
84,134
84,140
84,142
84,143
85,86
85,90
85,91
85,93
85,95
86,93
86,94
86,95
86,97
86,98
86,143
87,94
87,97
87,98
87,145
87,146
87,173
87,174
88,91
88,92
88,99
89,101
89,102
89,103
89,104
89,169
89,175
89,176
89,452
89,453
89,455
90,93
90,141
90,143
91,92
91,95
91,96
91,100
92,99
92,100
93,143
94,97
94,134
94,145
95,96
95,98
96,98
96,100
96,104
97,98
98,104
98,174
99,100
99,101
99,103
99,104
100,104
101,102
101,103
102,103
102,452
103,104
104,169
104,174
105,106
105,108
105,113
105,114
105,118
106,107
106,108
106,291
106,292
107,108
107,292
107,293
107,593
107,594
108,113
108,114
108,122
108,594
108,605
109,110
109,111
109,112
109,122
109,603
109,604
109,605
109,606
110,112
110,115
110,116
110,122
111,112
111,119
111,355
111,606
112,116
112,117
112,119
112,120
113,114
113,118
114,115
114,118
114,122
115,116
115,117
115,118
115,122
116,117
116,120
116,122
117,118
117,120
117,121
119,120
119,121
119,355
120,121
122,605
123,125
123,138
124,131
124,132
124,133
125,126
125,138
125,139
126,127
126,128
126,139
127,128
127,129
128,129
128,130
128,139
128,140
129,130
129,131
130,131
130,134
130,139
130,140
131,132
131,134
132,133
132,134
132,135
132,136
132,137
133,137
134,135
134,140
134,144
134,145
134,148
134,155
134,156
135,136
135,144
136,137
136,144
136,148
137,147
137,148
138,139
139,140
139,141
140,141
140,142
141,142
141,143
142,143
144,148
144,155
145,146
145,156
146,149
146,156
146,157
146,166
146,173
147,148
147,150
147,158
148,150
148,155
149,151
149,157
149,159
149,160
149,166
149,182
150,151
150,152
150,155
150,157
150,158
150,159
150,161
151,159
151,160
151,161
151,162
152,153
152,158
152,161
152,162
153,154
153,162
154,162
154,164
154,165
154,196
155,156
155,157
156,157
157,159
160,162
160,163
160,164
160,166
160,182
161,162
162,164
163,164
163,182
163,186
164,165
164,186
165,186
165,196
165,205
166,168
166,173
166,182
167,168
167,173
167,174
167,181
168,171
168,173
168,181
168,182
169,170
169,171
169,174
169,176
169,181
169,183
170,171
170,172
170,181
170,183
170,184
170,189
171,172
171,181
171,182
172,182
172,186
172,189
172,191
173,174
174,181
175,176
175,177
175,178
175,179
175,455
175,462
176,177
176,183
177,179
177,183
177,185
178,179
178,180
178,462
178,482
178,487
179,180
179,185
179,497
179,509
180,482
180,493
180,497
180,509
182,186
183,184
183,185
184,185
184,189
184,190
184,192
185,192
185,504
185,509
186,191
186,205
187,188
187,198
187,199
187,200
188,200
188,204
188,308
189,190
189,191
189,206
190,192
190,193
190,194
190,206
191,197
191,198
191,205
191,206
192,193
192,504
192,505
192,507
193,194
193,195
193,496
193,507
193,552
193,554
194,195
194,197
194,206
194,207
195,201
195,202
195,207
195,554
196,198
196,205
197,198
197,199
197,206
197,207
198,199
198,205
199,200
199,201
199,207
200,201
200,202
200,203
200,204
201,202
201,207
202,203
202,319
202,554
202,555
202,560
203,204
203,308
203,319
203,320
204,308
208,209
208,210
208,211
208,418
208,419
208,435
209,210
209,213
209,435
209,436
210,211
210,213
211,213
211,222
211,223
212,213
212,214
212,215
212,436
212,437
213,215
213,216
213,223
213,436
214,215
214,218
214,226
214,437
214,439
214,443
215,216
215,218
216,217
216,218
216,223
216,224
217,218
217,221
217,224
218,219
218,221
218,226
218,227
219,226
219,227
219,442
220,221
220,227
220,228
220,240
220,442
220,480
220,490
221,224
221,227
221,235
221,240
222,223
222,229
223,224
223,229
223,231
224,231
224,232
224,235
224,236
225,228
225,245
225,475
225,480
226,439
226,442
226,443
227,442
228,240
228,245
228,475
228,480
228,490
229,231
229,233
229,234
229,255
229,256
230,244
230,245
230,246
230,247
230,515
231,232
231,233
232,233
232,234
232,236
232,237
233,234
233,237
234,237
234,238
234,251
234,256
234,260
235,236
235,240
235,241
236,237
236,239
236,241
237,238
237,239
237,243
238,243
238,251
238,264
239,241
239,242
239,243
240,241
240,242
240,245
241,242
242,243
242,244
242,245
242,246
242,249
243,244
243,247
243,264
243,267
244,246
244,247
245,246
245,249
246,249
247,248
247,267
247,515
248,267
248,514
248,515
248,516
250,252
250,253
250,255
250,257
250,258
250,259
251,260
251,261
251,263
251,264
252,253
252,265
253,259
253,262
253,265
253,266
254,262
254,266
254,268
254,274
254,276
255,256
255,257
256,257
256,260
257,258
257,260
258,259
258,260
258,261
258,262
259,262
260,261
261,262
261,263
262,263
262,265
262,266
262,274
263,264
263,274
264,267
264,274
265,266
265,268
266,268
267,274
268,269
268,270
268,275
268,276
269,270
269,285
270,275
270,278
270,285
270,286
270,295
271,277
271,278
271,280
271,281
271,282
271,296
272,273
272,274
272,276
272,279
272,513
272,571
272,576
273,279
273,280
273,282
273,571
274,276
274,513
275,276
275,277
275,278
276,277
276,279
277,278
277,279
277,280
278,295
278,296
279,280
280,282
281,282
281,283
281,284
281,296
281,300
282,283
282,571
283,284
283,294
283,571
283,573
283,592
284,294
284,300
284,305
285,286
285,287
285,288
286,288
286,295
286,297
287,288
287,289
288,289
288,297
289,290
289,297
289,299
289,303
290,291
290,303
291,292
291,303
291,304
292,293
292,302
292,304
293,294
293,302
293,305
293,593
294,305
294,592
294,593
295,296
295,297
295,298
296,298
296,300
297,298
297,299
298,299
298,300
298,301
299,301
299,303
300,301
300,305
301,302
301,303
301,304
301,305
302,304
302,305
303,304
306,308
306,309
306,323
306,324
306,325
307,311
307,314
307,319
307,320
307,322
308,309
308,320
309,314
309,320
309,323
310,311
310,312
310,318
310,321
310,329
310,330
310,568
310,570
311,318
311,319
311,321
311,322
312,313
312,321
312,330
313,315
313,321
313,330
313,344
314,320
314,322
314,323
314,324
315,316
315,321
315,322
315,324
315,331
315,344
316,317
316,324
316,331
317,324
317,325
317,326
318,319
318,321
318,555
318,562
318,568
319,320
319,555
319,560
321,322
322,324
323,324
324,325
325,326
327,332
327,333
327,335
327,336
327,547
327,575
328,329
328,333
328,334
328,337
328,338
328,545
328,551
328,564
328,567
329,330
329,337
329,340
329,567
329,570
330,340
330,343
330,344
331,344
331,345
331,367
332,335
332,342
332,346
332,575
333,334
333,336
333,338
333,545
333,547
333,551
334,338
335,336
335,346
336,338
336,339
336,346
336,361
337,338
337,340
338,339
338,340
339,340
339,341
339,361
339,363
340,341
340,343
341,343
341,345
341,363
341,367
342,346
342,347
342,575
342,588
343,344
343,345
344,345
345,367
346,347
346,361
347,348
347,350
347,359
347,361
347,362
347,588
347,589
347,590
348,349
348,359
348,362
348,364
349,352
349,353
349,357
349,359
349,360
349,364
350,354
350,361
350,362
350,363
350,365
350,367
351,353
351,354
351,355
351,365
352,357
352,358
352,360
352,366
352,600
352,602
352,604
353,355
353,360
353,364
353,365
353,366
353,606
354,365
354,367
355,606
356,357
356,358
356,359
356,590
356,595
356,596
357,358
357,359
358,596
358,600
359,590
360,366
361,363
362,364
362,365
363,367
364,365
366,604
366,606
368,370
368,373
368,376
368,379
368,383
368,384
369,373
369,374
369,377
369,381
370,383
370,385
371,372
371,380
371,381
371,382
371,412
371,413
372,382
372,384
372,385
372,405
372,413
373,376
373,377
374,375
374,381
375,381
375,408
375,409
376,377
376,378
376,379
377,378
377,380
377,381
378,379
378,380
378,382
379,382
379,384
380,381
380,382
381,408
381,412
382,384
383,384
383,385
384,385
385,405
386,387
386,388
386,396
386,397
387,388
387,391
387,397
387,400
388,391
389,398
389,399
390,391
390,400
390,401
390,402
391,394
391,400
391,402
392,393
392,394
392,395
392,401
392,402
393,395
394,395
394,402
394,424
395,403
395,424
395,425
395,428
396,397
396,398
397,398
397,400
398,399
398,400
398,401
399,400
399,401
400,401
401,402
403,425
403,444
403,449
403,450
403,457
404,408
404,409
404,411
404,412
404,414
405,413
405,414
405,415
405,416
405,417
405,422
406,407
406,410
406,420
406,424
406,427
407,420
407,421
407,427
407,431
407,432
407,433
408,409
408,412
409,410
409,411
410,411
410,420
411,414
411,415
411,420
411,421
412,413
412,414
413,414
413,415
414,415
415,421
415,422
415,423
416,417
416,418
416,419
416,422
416,423
417,419
418,419
418,423
418,430
418,435
420,421
421,423
421,431
422,423
423,430
423,431
424,427
424,428
424,429
425,428
425,429
425,438
425,444
425,446
426,431
426,433
426,434
426,438
426,439
427,429
427,432
428,429
429,432
429,438
430,431
430,435
430,436
431,433
431,434
431,436
432,433
432,438
433,438
434,436
434,437
434,439
435,436
436,437
437,439
438,439
438,440
438,441
438,446
439,440
439,443
440,441
440,442
440,443
441,442
441,446
441,465
442,443
442,465
442,479
442,490
444,445
444,446
444,447
444,456
444,457
445,448
445,456
445,457
446,447
447,448
447,456
447,463
447,464
448,456
448,457
448,458
448,463
448,471
449,450
449,452
450,451
450,452
450,454
450,457
450,459
451,457
451,458
451,459
451,460
451,467
451,471
452,453
452,454
453,454
453,455
454,455
454,459
454,460
454,461
454,469
455,461
455,462
455,469
457,458
458,471
459,460
460,461
460,467
460,474
461,468
461,469
461,470
461,474
462,469
462,470
462,482
462,487
462,491
463,464
463,471
463,472
464,465
464,466
464,472
465,477
465,479
466,472
466,473
466,477
467,471
467,472
467,473
467,474
468,470
468,474
468,476
468,488
469,470
470,488
470,491
471,472
472,473
473,474
473,477
474,476
474,477
475,477
475,480
475,481
475,489
475,499
476,477
476,478
476,488
477,478
477,479
477,481
477,483
477,489
478,483
478,488
478,491
478,492
478,494
479,489
479,490
480,489
480,490
481,483
481,486
481,498
481,499
482,487
482,491
482,493
483,484
483,486
483,492
483,494
484,485
484,486
484,492
484,493
484,494
484,495
484,501
484,512
485,492
485,493
485,495
485,497
486,498
486,512
488,491
489,490
491,492
491,493
492,493
492,494
493,497
495,497
495,501
495,505
495,509
495,510
496,506
496,507
496,508
496,536
496,552
497,509
498,499
498,500
498,503
498,512
499,503
499,524
500,501
500,502
500,503
500,512
500,525
501,502
501,508
501,510
501,511
501,512
502,508
502,525
502,527
502,535
503,512
503,524
503,525
504,505
504,509
505,507
505,509
505,510
506,507
506,508
506,510
506,511
507,510
508,511
508,527
508,535
508,536
510,511
513,516
513,572
513,576
514,515
514,516
514,518
514,521
515,521
516,518
517,519
517,523
517,540
517,548
518,521
519,520
519,548
520,548
520,575
521,522
522,523
522,540
523,540
524,525
524,531
524,534
525,526
525,527
525,534
526,527
526,528
526,529
526,532
526,533
526,534
527,529
527,535
527,537
528,529
528,533
528,539
528,541
528,550
529,537
529,541
530,535
530,536
530,537
530,538
530,557
531,532
531,534
531,540
532,533
532,534
532,542
533,539
533,542
535,536
535,537
536,538
536,552
537,541
537,553
537,557
538,552
538,556
538,557
539,542
539,543
539,550
540,542
541,553
542,543
543,544
543,549
543,550
544,545
544,546
544,549
545,546
545,547
545,551
546,551
547,575
551,564
552,554
552,556
552,558
553,557
553,559
553,561
553,563
553,564
553,566
554,558
554,560
555,560
555,561
555,562
556,557
556,558
556,559
557,559
558,559
558,560
559,560
559,561
560,561
561,562
561,566
562,566
562,568
563,564
563,565
563,566
564,565
564,567
565,566
565,567
565,569
566,568
566,569
567,569
567,570
568,569
568,570
569,570
571,573
571,576
571,577
572,575
572,576
572,578
572,579
572,580
573,574
573,577
573,578
573,591
573,592
574,577
574,578
574,582
574,583
574,587
574,591
574,592
575,579
575,581
575,588
576,577
576,578
577,578
578,580
578,582
579,580
579,581
579,584
580,582
580,584
581,584
581,585
581,588
581,589
582,583
582,584
582,585
582,586
583,585
583,586
583,587
584,585
585,586
585,589
586,587
586,589
586,590
587,590
587,591
587,595
588,589
589,590
590,595
591,592
591,595
591,597
592,593
592,597
592,598
593,594
593,598
593,601
594,601
594,605
595,596
595,597
596,597
596,599
596,600
597,598
597,599
598,599
598,601
599,600
599,601
599,607
600,602
600,607
601,603
601,605
601,607
602,603
602,604
602,607
603,604
603,605
603,607
604,606
